facilities = 20 objectives = 2 max_distances = 30 max flows = 25 correlation = 0.100000 seed = 36
20
 0 29  2 16 17  2 17 17  5  6 21  9  5 15 19 11  6 13  9 25 
29  0 26 23 19 30 26 18 27 19 12  3  3 28 22 25  7 21 30 23 
 2 26  0  6 30 28 24  3 20  9 27 13 24 16  3 11 30 18 23 12 
16 23  6  0  4 11 30 28 12 12 27 15 24 26 23 23  3 20 12 11 
17 19 30  4  0 24  8 30 26  2 17 26 29  6 10  1  1 22 20 16 
 2 30 28 11 24  0 27 17 22 19  6 30  9  6 22 26  8 23 12 29 
17 26 24 30  8 27  0 19 12 30  7  5 14 15 10  7 10 15  9 18 
17 18  3 28 30 17 19  0 18 28 20 14 28 29 30  1 17 13 10 20 
 5 27 20 12 26 22 12 18  0 14  3 19  1  5 14  4  4 24  6 30 
 6 19  9 12  2 19 30 28 14  0 13  2 27 22  7 30  5 15 25 23 
21 12 27 27 17  6  7 20  3 13  0  4  5 19  2 13 17 24  6 10 
 9  3 13 15 26 30  5 14 19  2  4  0  9 27 15  6 10 19 29 21 
 5  3 24 24 29  9 14 28  1 27  5  9  0 17 15 17 29  7 29  3 
15 28 16 26  6  6 15 29  5 22 19 27 17  0 15 15 21  2 16 26 
19 22  3 23 10 22 10 30 14  7  2 15 15 15  0 28 16  6 10 26 
11 25 11 23  1 26  7  1  4 30 13  6 17 15 28  0 23  4 24 26 
 6  7 30  3  1  8 10 17  4  5 17 10 29 21 16 23  0  8 24  4 
13 21 18 20 22 23 15 13 24 15 24 19  7  2  6  4  8  0 20 27 
 9 30 23 12 20 12  9 10  6 25  6 29 29 16 10 24 24 20  0 25 
25 23 12 11 16 29 18 20 30 23 10 21  3 26 26 26  4 27 25  0 

 0  8 18 19 15 21 16 21 13  9  9  3 25 22  3  9  2  7 18  5 
 8  0  3 21 10  2 16  6  1  4 24  9 14 19  3  1  6  7 14 11 
18  3  0 15 21 21 21 21 19 15 25  8 15  2  9 17 14 25  2 12 
19 21 15  0  4 22 22 22  6 19 10 14  8 11  6 17  1 20  4 11 
15 10 21  4  0  4  3 22  2  5 19 19  2  6  2 11 14 18 17  8 
21  2 21 22  4  0 24 17 15  9 19  4  5 18 20  2  9  8 12  2 
16 16 21 22  3 24  0 11 18 10 11  3  1 20 25 13 18 24 10  3 
21  6 21 22 22 17 11  0  9 16 14 21  1  6  3 22 19 10 10  5 
13  1 19  6  2 15 18  9  0  3 12 16  1 20 14 15 12 20 10  6 
 9  4 15 19  5  9 10 16  3  0 17 16  5 21  4  6  5 12 21  3 
 9 24 25 10 19 19 11 14 12 17  0 12  4 13 22  7  9 20 24 10 
 3  9  8 14 19  4  3 21 16 16 12  0 25 22 25 12 20  9 17 19 
25 14 15  8  2  5  1  1  1  5  4 25  0 16 20 15 13  6 23 12 
22 19  2 11  6 18 20  6 20 21 13 22 16  0 12  2  8 10  8 24 
 3  3  9  6  2 20 25  3 14  4 22 25 20 12  0  3 22 12  8 23 
 9  1 17 17 11  2 13 22 15  6  7 12 15  2  3  0  3 25  2  9 
 2  6 14  1 14  9 18 19 12  5  9 20 13  8 22  3  0 25  6 16 
 7  7 25 20 18  8 24 10 20 12 20  9  6 10 12 25 25  0 17  6 
18 14  2  4 17 12 10 10 10 21 24 17 23  8  8  2  6 17  0  3 
 5 11 12 11  8  2  3  5  6  3 10 19 12 24 23  9 16  6  3  0 

 0 18 11  1 14 21 18 18 21 25 15  7 18  9  5  1  7 20 19  7 
18  0  2  4  5 24  9 24  9  7 15  6 13 10 13 16 15 14  2 19 
11  2  0  5 21 21 20 23 18 18 19 14  8 17  7  8  9 12 15  2 
 1  4  5  0  2  7  1 16  3 19 25  9 12 15 10  5 16 13 13 12 
14  5 21  2  0 19  7 22 21 13  7  5 15 24  5  7 14 16  1 15 
21 24 21  7 19  0 24 22 10  1  4 18  9  2 15 17 25 13  7  2 
18  9 20  1  7 24  0  1 25 20 11 11 18  6 25  2 12  5 17 24 
18 24 23 16 22 22  1  0 20 14 23 23  1 22 22  7 24  9 12 14 
21  9 18  3 21 10 25 20  0 18 22 20 20  9  5  6  3 16  5  6 
25  7 18 19 13  1 20 14 18  0 25 21 17  6 12 13  7 11  4  8 
15 15 19 25  7  4 11 23 22 25  0 20  7  4 14 14 13  7 17 18 
 7  6 14  9  5 18 11 23 20 21 20  0 16 14 16 22 11 17 24 15 
18 13  8 12 15  9 18  1 20 17  7 16  0  3 16  7 16 20 23 21 
 9 10 17 15 24  2  6 22  9  6  4 14  3  0 23 19 14  6 20 15 
 5 13  7 10  5 15 25 22  5 12 14 16 16 23  0 12 19  6  4 19 
 1 16  8  5  7 17  2  7  6 13 14 22  7 19 12  0  1  8  2 25 
 7 15  9 16 14 25 12 24  3  7 13 11 16 14 19  1  0 20 22 19 
20 14 12 13 16 13  5  9 16 11  7 17 20  6  6  8 20  0  2 10 
19  2 15 13  1  7 17 12  5  4 17 24 23 20  4  2 22  2  0  5 
 7 19  2 12 15  2 24 14  6  8 18 15 21 15 19 25 19 10  5  0 
