facilities = 100 objectives = 1 max_distances = 36 max flows = 99 overlap =  1.00 seed = 20
A = -5 B = 2 M = 0 K = 1 m = 20
 0  9  1  9 17  5  8 12  5  4  7  8 14 12 12  8 19 14  8 18 10 19 11  8  8 14  8  7  9  1 26  8 20  7 10 12 17 11 14  8 10  8  5  8 20  8  8 24 11  8 12 11 12  3  4  8 25 14 11  8 23 20 14  8  9  9 13  3  3  9  5 10 15 16 12  9 12 10 12 15  5  2 18  9  8 22 13 10 17 13 18  7  6 19  9  8 10  8  3  6 
 9  0 10  1 10  4  3  9  4  5  4  3  7  7 15  3 10 21 15 10  2 13 12  3 17 14  2  6  1 10 19  2 15 10 12  6 15 19 12  3 16  1 15  3 12  3  3 15  4  2  5 15  8  7 13  3 19 10  4  3 14 19  6  3  5  5  5  9  5 10  4 16  7 10  7 17  3 19  4  6 10  7 12  4  2 15  4 10  9 19 11  9 15 12  1  2  5  2  6  5 
 1 10  0  9 18  5  8 12  5  5  8  8 15 13 12  8 19 13  8 19 10 19 10  9  7 14  9  7  9  1 26  9 20  7 11 13 18 10 15  8 11  9  5  8 21  8  8 25 11  9 13 10 13  4  3  8 25 14 11  8 24 20 15  8  9  9 14  3  4  9  5  9 16 16 13  8 13  9 12 16  4  3 18 10  9 22 13 10 18 13 19  8  5 20  9  9 11  9  3  6 
 9  1  9  0  9  4  2  7  4  5  3  2  8  8 16  2 10 20 14 11  1 12 11  2 17 13  1  5  0 10 18  1 14  9 13  5 17 18 13  2 17  1 14  2 13  2  2 16  3  1  4 14 10  7 13  2 18  9  3  2 14 17  5  2  3  4  6  8  5  9  4 15  8  9  8 17  4 19  3  6  9  7 11  5  1 14  5  9 10 18 12 10 15 13  0  1  3  3  6  4 
17 10 18  9  0 13  9  8 13 13 10  9 14 15 25  9  4 26 20 12  8  6 14  8 25 13  9 11  9 19  9  9  8 14 22  5 24 25 20  9 26 10 23  9 14  9  9 13  6  9  5 17 17 16 21  9  9  8  6  9 11 14  4  9  8  9 10 16 14 13 13 20 10  4 15 24  9 26  6  4 16 16  4 14  9  5  9 12 12 21 15 19 24 15  9  9  7 12 14 11 
 5  4  5  4 13  0  4  9  0  1  4  4 10  8 12  4 14 18 12 13  5 16 11  5 13 14  4  5  4  6 22  4 17  8 10  9 15 15 12  4 13  3 10  4 15  4  4 19  7  4  8 13  8  3  9  4 22 11  7  4 18 19  9  4  6  6  8  6  1  9  0 13 10 13  8 13  7 15  7 10  7  2 15  5  4 18  8  9 12 16 14  6 11 15  4  4  7  4  3  3 
 8  3  8  2  9  4  0  6  4  4  1  0 10 10 16  0 11 18 12 13  2 12  9  1 16 11  1  3  2  9 18  1 13  7 13  5 18 17 14  0 17  2 13  0 15  0  0 18  3  1  4 12 11  7 12  0 18  8  3  0 16 16  6  0  2  2  8  7  5  7  4 13 10  9 10 15  6 17  4  7  7  6 11  7  1 14  7  7 12 16 14 10 14 15  2  1  3  5  5  2 
12  9 12  7  8  9  6  0  9  9  5  6 16 16 22  6 12 17 11 17  7  7  5  5 18  5  7  5  7 13 15  7  8  5 20  4 24 17 21  6 22  8 15  6 19  6  6 21  5  7  6  8 17 12 15  6 14  2  5  6 19 10  8  6  4  3 13  9 10  4  9 11 14  5 16 16 11 18  7 10  8 11  7 13  7 12 12  3 16 13 19 16 17 20  7  7  4 11  9  6 
 5  4  5  4 13  0  4  9  0  1  4  4 10  8 12  4 14 18 12 13  5 16 11  5 13 14  4  5  4  6 22  4 17  8 10  9 15 15 12  4 13  3 10  4 15  4  4 19  7  4  8 13  8  3  9  4 22 11  7  4 18 19  9  4  6  6  8  6  1  9  0 13 10 13  8 13  7 15  7 10  7  2 15  5  4 18  8  9 12 16 14  6 11 15  4  4  7  4  3  3 
 4  5  5  5 13  1  4  9  1  0  4  4 11  9 13  4 15 17 11 14  5 16 10  5 12 13  4  4  5  5 22  4 17  7 10  9 16 14 13  4 13  4 10  4 16  4  4 20  7  4  8 12  9  3  8  4 22 11  7  4 19 19 10  4  6  6  9  5  1  8  1 12 11 13  9 13  8 14  8 11  6  2 15  6  4 18  8  9 13 15 15  7 10 16  5  4  7  5  2  3 
 7  4  8  3 10  4  1  5  4  4  0  1 11 10 16  1 12 17 11 14  3 12  8  1 15 10  2  2  3  8 18  2 13  6 14  5 19 16 15  1 17  3 12  1 16  1  1 18  3  2  5 11 12  7 11  1 18  7  3  1 17 15  7  1  2  2  9  6  5  6  4 12 11  9 10 15  7 17  5  8  6  6 11  7  2 14  8  6 13 15 15 10 13 16  3  2  3  5  4  1 
 8  3  8  2  9  4  0  6  4  4  1  0 10 10 16  0 11 18 12 13  2 12  9  1 16 11  1  3  2  9 18  1 13  7 13  5 18 17 14  0 17  2 13  0 15  0  0 18  3  1  4 12 11  7 12  0 18  8  3  0 16 16  6  0  2  2  8  7  5  7  4 13 10  9 10 15  6 17  4  7  7  6 11  7  1 14  7  7 12 16 14 10 14 15  2  1  3  5  5  2 
14  7 15  8 14 10 10 16 10 11 11 10  0  2 13 10 12 28 22  5  9 20 20 11 22 21  9 13  8 15 22  9 22 17 10 13 10 25  7 10 16  8 19 10  6 10 10 12 11  9 11 22  4 11 18 10 23 17 11 10 12 26 10 10 12 13  3 16 11 18 10 23  4 16  2 23  5 25  9  9 17 12 18  5  9 18  5 18  4 26  4  9 19  5  8  9 12  6 13 12 
12  7 13  8 15  8 10 16  8  9 10 10  2  0 10 10 14 26 20  8  9 20 19 10 19 21  9 12  8 13 24  9 22 16  7 13  8 23  5 10 13  7 17 10  9 10 10 15 11  9 11 21  2  9 15 10 24 17 11 10 14 26 11 10 12 12  5 14  9 17  8 21  6 17  0 21  6 22 10 11 15 10 18  3  9 20  6 17  7 24  6  6 17  8  8  9 12  5 11 11 
12 15 12 16 25 12 16 22 12 13 16 16 13 10  0 16 24 24 20 19 17 28 23 17 15 26 16 17 16 12 34 16 30 19  3 21  8 20  7 16  4 15 14 16 19 16 16 25 19 16 20 23  8 10 12 16 34 24 19 16 25 32 21 16 18 18 15 15 12 21 12 22 17 25 10 18 16 18 19 21 17 11 27 11 16 30 16 21 17 25 16  6 12 17 16 16 19 13 13 16 
 8  3  8  2  9  4  0  6  4  4  1  0 10 10 16  0 11 18 12 13  2 12  9  1 16 11  1  3  2  9 18  1 13  7 13  5 18 17 14  0 17  2 13  0 15  0  0 18  3  1  4 12 11  7 12  0 18  8  3  0 16 16  6  0  2  2  8  7  5  7  4 13 10  9 10 15  6 17  4  7  7  6 11  7  1 14  7  7 12 16 14 10 14 15  2  1  3  5  5  2 
19 10 19 10  4 14 11 12 14 15 12 11 12 14 24 11  0 29 22  8  9 10 17 10 27 17 10 13 10 20 10 10 13 17 21  8 22 28 19 11 26 10 24 11 10 11 11  9  8 10  7 21 16 17 23 11 11 12  8 11  7 18  5 11 10 11  9 18 15 16 14 23  8  8 14 27  8 29  7  3 18 17  8 13 10  7  8 15  8 25 12 18 25 12 10 10  9 11 16 13 
14 21 13 20 26 18 18 17 18 17 17 18 28 26 24 18 29  0  6 31 20 23 12 18  9 15 19 15 20 13 31 19 22 12 24 20 31  4 28 18 21 20 10 18 33 18 18 36 20 19 21  8 26 17 12 18 30 18 20 18 35 19 24 18 18 17 26 12 17 13 18  5 28 22 26  6 24  7 22 26 11 16 24 23 19 29 25 13 30  5 32 21 12 33 20 19 19 22 15 16 
 8 15  8 14 20 12 12 11 12 11 11 12 22 20 20 12 22  6  0 25 14 18  6 12  9 10 13  9 14  8 26 13 17  5 19 14 26  5 23 12 18 14  7 12 27 12 12 30 14 13 15  4 20 11  8 12 25 12 14 12 28 16 17 12 12 11 20  6 11  7 12  1 22 16 20  6 18  8 16 19  5 10 18 17 13 23 19  7 24  5 26 16  9 27 14 13 13 16  9 10 
18 10 19 11 12 13 13 17 13 14 14 13  5  8 19 13  8 31 25  0 11 18 22 13 27 22 12 16 11 20 19 12 20 20 16 13 15 29 12 13 22 11 24 13  2 13 13  6 12 12 11 25 10 16 22 13 20 18 12 13  6 25  9 13 14 15  5 19 15 20 13 26  3 15  8 27  7 29 10  8 20 16 16 10 12 15  6 20  1 29  4 14 24  3 11 12 13  9 16 15 
10  2 10  1  8  5  2  7  5  5  3  2  9  9 17  2  9 20 14 11  0 11 11  2 18 12  1  5  1 11 17  1 13  9 14  4 18 19 14  2 18  2 15  2 13  2  2 15  2  1  3 14 10  8 14  2 17  8  2  2 14 16  4  2  3  4  6  9  6  9  5 15  8  8  9 18  4 20  2  5  9  8 10  6  1 13  5  9 10 18 12 11 16 13  1  1  2  4  7  4 
19 13 19 12  6 16 12  7 16 16 12 12 20 20 28 12 10 23 18 18 11  0 11 11 25  8 12 12 12 20  8 12  2 13 25  7 29 23 25 12 29 13 23 12 20 12 12 19  9 12  8 14 22 19 22 12  7  5  9 12 17  8  9 12 10 10 16 16 17 11 16 17 16  3 20 23 14 25 10 10 15 18  2 18 12  6 15 10 18 18 21 22 24 22 12 12  9 16 16 13 
11 12 10 11 14 11  9  5 11 10  8  9 20 19 23  9 17 12  6 22 11 11  0  9 15  4 10  6 11 11 19 10 11  3 21  9 27 12 23  9 21 11 13  9 24  9  9 26 10 10 11  3 20 12 13  9 18  6 10  9 24 10 13  9  8  7 17  7 11  2 11  6 19 10 19 12 15 14 12 15  6 11 12 16 10 17 16  2 21  7 23 17 15 24 11 10  9 14  9  8 
 8  3  9  2  8  5  1  5  5  5  1  1 11 10 17  1 10 18 12 13  2 11  9  0 17 10  1  3  2 10 17  1 12  7 14  4 19 17 15  1 18  2 14  1 15  1  1 17  2  1  3 12 12  8 13  1 17  7  2  1 16 15  5  1  1  2  8  7  6  7  5 13 10  8 10 16  6 18  3  7  8  7 10  7  1 13  7  7 12 16 14 11 15 15  2  1  2  5  5  2 
 8 17  7 17 25 13 16 18 13 12 15 16 22 19 15 16 27  9  9 27 18 25 15 17  0 19 16 14 17  7 33 16 25 12 16 20 23  5 21 16 12 17  2 16 28 16 16 33 19 16 20 13 19 11  4 16 32 20 19 16 32 25 22 16 17 16 21  9 12 14 13 10 24 23 19  3 20  3 20 24  9 10 25 17 16 30 21 15 25 13 26 14  3 27 17 16 18 17 11 14 
14 14 14 13 13 14 11  5 14 13 10 11 21 21 26 11 17 15 10 22 12  8  4 10 19  0 12  9 13 15 17 12  7  7 24  9 29 16 26 11 25 13 17 11 25 11 11 26 10 12 11  6 22 16 17 11 15  5 10 11 24  6 13 11  9  8 18 11 14  5 14  9 20  9 21 16 16 18 12 15 10 14  9 18 12 14 17  4 22  9 25 20 19 25 13 12  9 16 12 10 
 8  2  9  1  9  4  1  7  4  4  2  1  9  9 16  1 10 19 13 12  1 12 10  1 16 12  0  4  1 10 18  0 13  8 13  5 17 17 14  1 17  1 14  1 14  1  1 17  3  0  4 13 10  7 12  1 18  8  3  1 15 17  5  1  2  3  7  8  5  8  4 14  9  9  9 16  5 18  3  7  8  6 11  6  0 14  6  8 11 17 13 10 15 14  1  0  3  4  5  3 
 7  6  7  5 11  5  3  5  5  4  2  3 13 12 17  3 13 15  9 16  5 12  6  3 14  9  4  0  5  8 19  4 13  4 15  5 20 14 17  3 17  5 11  3 18  3  3 20  5  4  6  9 13  7 10  3 18  7  5  3 19 14  8  3  2  2 11  5  5  4  5 10 13  9 12 13  9 15  6 10  5  6 11  9  4 15 10  5 15 13 17 11 13 18  5  4  4  7  4  1 
 9  1  9  0  9  4  2  7  4  5  3  2  8  8 16  2 10 20 14 11  1 12 11  2 17 13  1  5  0 10 18  1 14  9 13  5 17 18 13  2 17  1 14  2 13  2  2 16  3  1  4 14 10  7 13  2 18  9  3  2 14 17  5  2  3  4  6  8  5  9  4 15  8  9  8 17  4 19  3  6  9  7 11  5  1 14  5  9 10 18 12 10 15 13  0  1  3  3  6  4 
 1 10  1 10 19  6  9 13  6  5  8  9 15 13 12  9 20 13  8 20 11 20 11 10  7 15 10  8 10  0 27 10 21  8 11 13 18 10 15  9 10  9  4  9 21  9  9 26 12 10 13 11 13  4  2  9 26 15 12  9 25 21 15  9 10 10 14  4  5 10  6 10 17 17 13  8 13  9 13 17  5  3 19 10 10 23 14 11 18 13 19  8  5 20 10 10 12 10  4  7 
26 19 26 18  9 22 18 15 22 22 18 18 22 24 34 18 10 31 26 19 17  8 19 17 33 17 18 19 18 27  0 18  9 21 31 13 32 32 29 18 35 19 30 18 21 18 18 17 15 18 14 23 26 25 30 18  2 13 15 18 15 14 13 18 16 17 19 24 23 19 22 26 18  9 24 31 18 34 15 13 23 24  8 23 18  4 18 18 19 26 23 28 32 22 18 18 15 21 23 19 
 8  2  9  1  9  4  1  7  4  4  2  1  9  9 16  1 10 19 13 12  1 12 10  1 16 12  0  4  1 10 18  0 13  8 13  5 17 17 14  1 17  1 14  1 14  1  1 17  3  0  4 13 10  7 12  1 18  8  3  1 15 17  5  1  2  3  7  8  5  8  4 14  9  9  9 16  5 18  3  7  8  6 11  6  0 14  6  8 11 17 13 10 15 14  1  0  3  4  5  3 
20 15 20 14  8 17 13  8 17 17 13 13 22 22 30 13 13 22 17 20 13  2 11 12 25  7 13 13 14 21  9 13  0 13 27  8 31 23 27 13 30 15 23 13 23 13 13 22 11 13 10 14 24 20 23 13  7  6 11 13 19  6 11 13 11 11 18 17 18 11 17 17 19  5 22 23 16 26 12 12 16 19  4 20 13  8 17 10 20 17 24 24 25 24 14 13 10 17 17 14 
 7 10  7  9 14  8  7  5  8  7  6  7 17 16 19  7 17 12  5 20  9 13  3  7 12  7  8  4  9  8 21  8 13  0 17  8 23 11 20  7 18  9 10  7 22  7  7 24  8  8  9  5 17  9 10  7 20  7  8  7 23 13 12  7  6  5 15  4  7  2  8  6 17 11 16 10 13 13 10 13  3  7 13 13  8 17 14  3 19  9 21 14 12 22  9  8  7 11  5  5 
10 12 11 13 22 10 13 20 10 10 14 13 10  7  3 13 21 24 19 16 14 25 21 14 16 24 13 15 13 11 31 13 27 17  0 18  7 20  5 13  6 12 14 13 16 13 13 22 16 13 17 22  5  8 12 13 31 21 16 13 22 30 18 13 16 16 12 14 10 19 10 21 13 22  7 18 13 19 16 18 15  9 24  8 13 27 13 20 14 24 13  3 13 14 13 13 16 10 12 13 
12  6 13  5  5  9  5  4  9  9  5  5 13 13 21  5  8 20 14 13  4  7  9  4 20  9  5  5  5 13 13  5  8  8 18  0 22 19 18  5 22  6 17  5 15  5  5 17  2  5  2 12 15 12 16  5 13  4  2  5 15 12  4  5  3  3 10 10 10  7  9 14 11  4 13 19  7 21  3  6 10 11  6 11  5  9  8  7 13 16 16 15 18 16  5  5  2  8  9  6 
17 15 18 17 24 15 18 24 15 16 19 18 10  8  8 18 22 31 26 15 18 29 27 19 23 29 17 20 17 18 32 17 31 23  7 22  0 27  3 18 12 16 21 18 14 18 18 20 20 17 20 28  7 14 19 18 33 26 20 18 21 34 20 18 20 21 13 20 15 24 15 27 14 25  8 25 15 26 19 19 21 16 27 11 17 29 14 25 14 31 11  9 20 12 17 17 20 13 18 19 
11 19 10 18 25 15 17 17 15 14 16 17 25 23 20 17 28  4  5 29 19 23 12 17  5 16 17 14 18 10 32 17 23 11 20 19 27  0 25 17 17 18  6 17 31 17 17 34 19 17 20  9 23 14  8 17 31 18 19 17 33 21 23 17 17 16 24  9 14 12 15  6 26 22 23  2 22  3 21 24  9 13 24 20 17 29 23 13 28  8 29 18  8 30 18 17 18 19 12 14 
14 12 15 13 20 12 14 21 12 13 15 14  7  5  7 14 19 28 23 12 14 25 23 15 21 26 14 17 13 15 29 14 27 20  5 18  3 25  0 14 11 12 19 14 12 14 14 18 16 14 17 25  3 11 17 14 30 22 16 14 18 31 17 14 17 17 10 17 12 21 12 24 11 22  5 23 11 24 15 16 18 13 24  7 14 25 11 22 11 28  8  7 18 10 13 14 17 10 14 15 
 8  3  8  2  9  4  0  6  4  4  1  0 10 10 16  0 11 18 12 13  2 12  9  1 16 11  1  3  2  9 18  1 13  7 13  5 18 17 14  0 17  2 13  0 15  0  0 18  3  1  4 12 11  7 12  0 18  8  3  0 16 16  6  0  2  2  8  7  5  7  4 13 10  9 10 15  6 17  4  7  7  6 11  7  1 14  7  7 12 16 14 10 14 15  2  1  3  5  5  2 
10 16 11 17 26 13 17 22 13 13 17 17 16 13  4 17 26 21 18 22 18 29 21 18 12 25 17 17 17 10 35 17 30 18  6 22 12 17 11 17  0 16 11 17 22 17 17 28 20 17 21 21 12 10  9 17 35 24 20 17 28 31 22 17 19 19 17 14 12 20 13 19 19 26 13 15 18 15 20 22 15 11 28 13 17 31 18 21 20 23 19  7  9 21 17 17 20 14 13 16 
 8  1  9  1 10  3  2  8  3  4  3  2  8  7 15  2 10 20 14 11  2 13 11  2 17 13  1  5  1  9 19  1 15  9 12  6 16 18 12  2 16  0 14  2 13  2  2 16  4  1  5 14  9  6 12  2 19 10  4  2 15 18  6  2  4  5  6  8  5  9  3 15  8 10  7 17  4 18  4  7  9  6 12  5  1 15  5  9 10 18 12  9 14 13  1  1  4  2  5  4 
 5 15  5 14 23 10 13 15 10 10 12 13 19 17 14 13 24 10  7 24 15 23 13 14  2 17 14 11 14  4 30 14 23 10 14 17 21  6 19 13 11 14  0 13 26 13 13 30 16 14 17 11 17  8  2 13 30 17 16 13 29 23 19 13 14 13 19  6  9 12 10  8 21 21 17  4 18  5 17 21  7  8 22 14 14 27 18 13 23 12 24 12  2 25 14 14 15 14  8 11 
 8  3  8  2  9  4  0  6  4  4  1  0 10 10 16  0 11 18 12 13  2 12  9  1 16 11  1  3  2  9 18  1 13  7 13  5 18 17 14  0 17  2 13  0 15  0  0 18  3  1  4 12 11  7 12  0 18  8  3  0 16 16  6  0  2  2  8  7  5  7  4 13 10  9 10 15  6 17  4  7  7  6 11  7  1 14  7  7 12 16 14 10 14 15  2  1  3  5  5  2 
20 12 21 13 14 15 15 19 15 16 16 15  6  9 19 15 10 33 27  2 13 20 24 15 28 25 14 18 13 21 21 14 23 22 16 15 14 31 12 15 22 13 26 15  0 15 15  6 14 14 13 27 10 17 24 15 22 20 14 15  7 28 12 15 16 17  7 21 16 22 15 28  5 17  9 29  9 31 12 10 22 18 18 11 14 17  8 22  3 31  3 15 25  2 13 14 15 11 18 17 
 8  3  8  2  9  4  0  6  4  4  1  0 10 10 16  0 11 18 12 13  2 12  9  1 16 11  1  3  2  9 18  1 13  7 13  5 18 17 14  0 17  2 13  0 15  0  0 18  3  1  4 12 11  7 12  0 18  8  3  0 16 16  6  0  2  2  8  7  5  7  4 13 10  9 10 15  6 17  4  7  7  6 11  7  1 14  7  7 12 16 14 10 14 15  2  1  3  5  5  2 
 8  3  8  2  9  4  0  6  4  4  1  0 10 10 16  0 11 18 12 13  2 12  9  1 16 11  1  3  2  9 18  1 13  7 13  5 18 17 14  0 17  2 13  0 15  0  0 18  3  1  4 12 11  7 12  0 18  8  3  0 16 16  6  0  2  2  8  7  5  7  4 13 10  9 10 15  6 17  4  7  7  6 11  7  1 14  7  7 12 16 14 10 14 15  2  1  3  5  5  2 
24 15 25 16 13 19 18 21 19 20 18 18 12 15 25 18  9 36 30  6 15 19 26 17 33 26 17 20 16 26 17 17 22 24 22 17 20 34 18 18 28 16 30 18  6 18 18  0 16 17 15 29 16 22 28 18 19 21 16 18  2 27 13 18 18 19 11 25 21 24 19 31  9 17 15 33 12 35 14 11 25 22 17 16 17 15 11 24  7 33  9 21 30  8 16 17 17 15 22 20 
11  4 11  3  6  7  3  5  7  7  3  3 11 11 19  3  8 20 14 12  2  9 10  2 19 10  3  5  3 12 15  3 11  8 16  2 20 19 16  3 20  4 16  3 14  3  3 16  0  3  1 13 13 10 15  3 15  6  0  3 14 14  3  3  2  3  8  9  8  8  7 14  9  6 11 18  5 20  2  5 10  9  8  8  3 11  6  8 11 17 14 13 17 14  3  3  1  6  8  5 
 8  2  9  1  9  4  1  7  4  4  2  1  9  9 16  1 10 19 13 12  1 12 10  1 16 12  0  4  1 10 18  0 13  8 13  5 17 17 14  1 17  1 14  1 14  1  1 17  3  0  4 13 10  7 12  1 18  8  3  1 15 17  5  1  2  3  7  8  5  8  4 14  9  9  9 16  5 18  3  7  8  6 11  6  0 14  6  8 11 17 13 10 15 14  1  0  3  4  5  3 
12  5 13  4  5  8  4  6  8  8  5  4 11 11 20  4  7 21 15 11  3  8 11  3 20 11  4  6  4 13 14  4 10  9 17  2 20 20 17  4 21  5 17  4 13  4  4 15  1  4  0 14 13 11 16  4 14  6  1  4 13 15  2  4  3  4  7 11  9  9  8 16  8  5 11 19  5 21  1  4 11 10  7  9  4 10  6  9 10 18 13 14 18 14  4  4  2  7  9  6 
11 15 10 14 17 13 12  8 13 12 11 12 22 21 23 12 21  8  4 25 14 14  3 12 13  6 13  9 14 11 23 13 14  5 22 12 28  9 25 12 21 14 11 12 27 12 12 29 13 13 14  0 21 13 12 12 22 10 13 12 27 12 16 12 11 10 20  7 12  5 13  3 22 14 21 10 18 12 15 18  6 12 15 18 13 20 19  5 24  4 26 18 13 27 14 13 12 16 10 10 
12  8 13 10 17  8 11 17  8  9 12 11  4  2  8 11 16 26 20 10 10 22 20 12 19 22 10 13 10 13 26 10 24 17  5 15  7 23  3 11 12  9 17 11 10 11 11 16 13 10 13 21  0  9 15 11 26 19 13 11 16 27 13 11 13 14  7 14  9 18  8 21  8 18  2 21  8 22 12 13 15 10 20  4 10 22  8 18  8 25  7  5 16  9 10 10 13  6 11 12 
 3  7  4  7 16  3  7 12  3  3  7  7 11  9 10  7 17 17 11 16  8 19 12  8 11 16  7  7  7  4 25  7 20  9  8 12 14 14 11  7 10  6  8  7 17  7  7 22 10  7 11 13  9  0  6  7 25 14 10  7 21 21 13  7  9  9 10  5  2 10  3 13 13 16  9 12  9 13 10 13  7  1 18  6  7 21 10 11 14 16 15  5  8 16  7  7 10  6  3  6 
 4 13  3 13 21  9 12 15  9  8 11 12 18 15 12 12 23 12  8 22 14 22 13 13  4 17 12 10 13  2 30 12 23 10 12 16 19  8 17 12  9 12  2 12 24 12 12 28 15 12 16 12 15  6  0 12 29 17 15 12 27 23 18 12 13 13 17  6  7 12  9 10 19 20 15  6 16  7 16 19  7  6 22 13 12 26 17 13 21 13 22 10  2 23 13 12 14 13  7 10 
 8  3  8  2  9  4  0  6  4  4  1  0 10 10 16  0 11 18 12 13  2 12  9  1 16 11  1  3  2  9 18  1 13  7 13  5 18 17 14  0 17  2 13  0 15  0  0 18  3  1  4 12 11  7 12  0 18  8  3  0 16 16  6  0  2  2  8  7  5  7  4 13 10  9 10 15  6 17  4  7  7  6 11  7  1 14  7  7 12 16 14 10 14 15  2  1  3  5  5  2 
25 19 25 18  9 22 18 14 22 22 18 18 23 24 34 18 11 30 25 20 17  7 18 17 32 15 18 18 18 26  2 18  7 20 31 13 33 31 30 18 35 19 30 18 22 18 18 19 15 18 14 22 26 25 29 18  0 12 15 18 17 13 13 18 16 16 19 23 23 18 22 25 19  9 24 30 18 33 15 13 22 24  7 23 18  4 18 17 20 25 24 28 31 23 18 18 15 21 22 19 
14 10 14  9  8 11  8  2 11 11  7  8 17 17 24  8 12 18 12 18  8  5  6  7 20  5  8  7  9 15 13  8  6  7 21  4 26 18 22  8 24 10 17  8 20  8  8 21  6  8  6 10 19 14 17  8 12  0  6  8 19  8  8  8  5  5 14 11 12  5 11 12 15  4 17 18 12 20  8 10 10 13  5 15  8 10 13  5 17 13 20 18 19 21  9  8  5 12 11  8 
11  4 11  3  6  7  3  5  7  7  3  3 11 11 19  3  8 20 14 12  2  9 10  2 19 10  3  5  3 12 15  3 11  8 16  2 20 19 16  3 20  4 16  3 14  3  3 16  0  3  1 13 13 10 15  3 15  6  0  3 14 14  3  3  2  3  8  9  8  8  7 14  9  6 11 18  5 20  2  5 10  9  8  8  3 11  6  8 11 17 14 13 17 14  3  3  1  6  8  5 
 8  3  8  2  9  4  0  6  4  4  1  0 10 10 16  0 11 18 12 13  2 12  9  1 16 11  1  3  2  9 18  1 13  7 13  5 18 17 14  0 17  2 13  0 15  0  0 18  3  1  4 12 11  7 12  0 18  8  3  0 16 16  6  0  2  2  8  7  5  7  4 13 10  9 10 15  6 17  4  7  7  6 11  7  1 14  7  7 12 16 14 10 14 15  2  1  3  5  5  2 
23 14 24 14 11 18 16 19 18 19 17 16 12 14 25 16  7 35 28  6 14 17 24 16 32 24 15 19 14 25 15 15 19 23 22 15 21 33 18 16 28 15 29 16  7 16 16  2 14 15 13 27 16 21 27 16 17 19 14 16  0 25 11 16 16 17 10 23 20 22 18 29  8 15 14 32 11 34 12  9 24 21 15 15 15 13 10 22  7 31 10 20 29  9 14 15 15 14 21 18 
20 19 20 17 14 19 16 10 19 19 15 16 26 26 32 16 18 19 16 25 16  8 10 15 25  6 17 14 17 21 14 17  6 13 30 12 34 21 31 16 31 18 23 16 28 16 16 27 14 17 15 12 27 21 23 16 13  8 14 16 25  0 16 16 14 13 22 17 20 11 19 15 23 10 26 22 20 24 16 17 16 20 10 23 17 14 21 10 25 14 28 26 25 29 17 17 14 21 18 16 
14  6 15  5  4  9  6  8  9 10  7  6 10 11 21  6  5 24 17  9  4  9 13  5 22 13  5  8  5 15 13  5 11 12 18  4 20 23 17  6 22  6 19  6 12  6  6 13  3  5  2 16 13 13 18  6 13  8  3  6 11 16  0  6  5  6  7 13 11 11  9 18  7  5 11 22  5 24  2  2 13 12  7 10  5  9  5 11  9 20 12 15 20 13  5  5  4  8 11  8 
 8  3  8  2  9  4  0  6  4  4  1  0 10 10 16  0 11 18 12 13  2 12  9  1 16 11  1  3  2  9 18  1 13  7 13  5 18 17 14  0 17  2 13  0 15  0  0 18  3  1  4 12 11  7 12  0 18  8  3  0 16 16  6  0  2  2  8  7  5  7  4 13 10  9 10 15  6 17  4  7  7  6 11  7  1 14  7  7 12 16 14 10 14 15  2  1  3  5  5  2 
 9  5  9  3  8  6  2  4  6  6  2  2 12 12 18  2 10 18 12 14  3 10  8  1 17  9  2  2  3 10 16  2 11  6 16  3 20 17 17  2 19  4 14  2 16  2  2 18  2  2  3 11 13  9 13  2 16  5  2  2 16 14  5  2  0  1  9  7  7  6  6 12 11  7 12 16  7 18  4  7  7  8  9  9  2 13  8  6 13 15 15 12 15 16  3  2  1  7  6  3 
 9  5  9  4  9  6  2  3  6  6  2  2 13 12 18  2 11 17 11 15  4 10  7  2 16  8  3  2  4 10 17  3 11  5 16  3 21 16 17  2 19  5 13  2 17  2  2 19  3  3  4 10 14  9 13  2 16  5  3  2 17 13  6  2  1  0 10  7  7  5  6 11 12  7 12 15  8 17  5  8  7  8  9  9  3 13  9  5 14 14 16 13 15 17  4  3  2  7  6  3 
13  5 14  6 10  8  8 13  8  9  9  8  3  5 15  8  9 26 20  5  6 16 17  8 21 18  7 11  6 14 19  7 18 15 12 10 13 24 10  8 17  6 19  8  7  8  8 11  8  7  7 20  7 10 17  8 19 14  8  8 10 22  7  8  9 10  0 14  9 15  8 21  2 12  5 22  2 24  6  6 15 11 14  5  7 15  1 15  4 24  6 10 19  7  6  7  8  4 11 10 
 3  9  3  8 16  6  7  9  6  5  6  7 16 14 15  7 18 12  6 19  9 16  7  7  9 11  8  5  8  4 24  8 17  4 14 10 20  9 17  7 14  8  6  7 21  7  7 25  9  8 11  7 14  5  6  7 23 11  9  7 23 17 13  7  7  7 14  0  5  6  6  7 16 14 14  8 12 10 11 15  1  4 16 11  8 20 13  7 18 10 20 10  8 21  8  8  9 10  3  5 
 3  5  4  5 14  1  5 10  1  1  5  5 11  9 12  5 15 17 11 15  6 17 11  6 12 14  5  5  5  5 23  5 18  7 10 10 15 14 12  5 12  5  9  5 16  5  5 21  8  5  9 12  9  2  7  5 23 12  8  5 20 20 11  5  7  7  9  5  0  9  1 12 12 14  9 12  8 14  8 12  6  1 16  6  5 19  9 10 13 15 15  6  9 16  5  5  8  5  2  4 
 9 10  9  9 13  9  7  4  9  8  6  7 18 17 21  7 16 13  7 20  9 11  2  7 14  5  8  4  9 10 19  8 11  2 19  7 24 12 21  7 20  9 12  7 22  7  7 24  8  8  9  5 18 10 12  7 18  5  8  7 22 11 11  7  6  5 15  6  9  0  9  7 17  9 17 12 13 14 10 13  5  9 11 13  8 16 14  1 19  9 21 15 14 22  9  8  7 12  7  5 
 5  4  5  4 13  0  4  9  0  1  4  4 10  8 12  4 14 18 12 13  5 16 11  5 13 14  4  5  4  6 22  4 17  8 10  9 15 15 12  4 13  3 10  4 15  4  4 19  7  4  8 13  8  3  9  4 22 11  7  4 18 19  9  4  6  6  8  6  1  9  0 13 10 13  8 13  7 15  7 10  7  2 15  5  4 18  8  9 12 16 14  6 11 15  4  4  7  4  3  3 
10 16  9 15 20 13 13 11 13 12 12 13 23 21 22 13 23  5  1 26 15 17  6 13 10  9 14 10 15 10 26 14 17  6 21 14 27  6 24 13 19 15  8 13 28 13 13 31 14 14 16  3 21 13 10 13 25 12 14 13 29 15 18 13 12 11 21  7 12  7 13  0 23 17 21  7 19  9 16 20  6 11 18 18 14 23 20  7 25  3 27 17 11 28 15 14 13 17 10 11 
15  7 16  8 10 10 10 14 10 11 11 10  4  6 17 10  8 28 22  3  8 16 19 10 24 20  9 13  8 17 18  9 19 17 13 11 14 26 11 10 19  8 21 10  5 10 10  9  9  9  8 22  8 13 19 10 19 15  9 10  8 23  7 10 11 12  2 16 12 17 10 23  0 13  6 24  4 26  7  6 17 13 14  7  9 15  3 17  2 26  5 12 21  5  8  9 10  6 13 12 
16 10 16  9  4 13  9  5 13 13  9  9 16 17 25  9  8 22 16 15  8  3 10  8 23  9  9  9  9 17  9  9  5 11 22  4 25 22 22  9 26 10 21  9 17  9  9 17  6  9  5 14 18 16 20  9  9  4  6  9 15 10  5  9  7  7 12 14 14  9 13 17 13  0 17 22 10 24  6  7 13 15  2 14  9  6 11  9 15 18 18 19 22 18  9  9  6 12 13 10 
12  7 13  8 15  8 10 16  8  9 10 10  2  0 10 10 14 26 20  8  9 20 19 10 19 21  9 12  8 13 24  9 22 16  7 13  8 23  5 10 13  7 17 10  9 10 10 15 11  9 11 21  2  9 15 10 24 17 11 10 14 26 11 10 12 12  5 14  9 17  8 21  6 17  0 21  6 22 10 11 15 10 18  3  9 20  6 17  7 24  6  6 17  8  8  9 12  5 11 11 
 9 17  8 17 24 13 15 16 13 13 15 15 23 21 18 15 27  6  6 27 18 23 12 16  3 16 16 13 17  8 31 16 23 10 18 19 25  2 23 15 15 17  4 15 29 15 15 33 18 16 19 10 21 12  6 15 30 18 18 15 32 22 22 15 16 15 22  8 12 12 13  7 24 22 21  0 21  2 20 23  8 11 23 18 16 28 21 13 26  9 27 16  5 28 17 16 17 18 11 13 
12  3 13  4  9  7  6 11  7  8  7  6  5  6 16  6  8 24 18  7  4 14 15  6 20 16  5  9  4 13 18  5 16 13 13  7 15 22 11  6 18  4 18  6  9  6  6 12  5  5  5 18  8  9 16  6 18 12  5  6 11 20  5  6  7  8  2 12  8 13  7 19  4 10  6 21  0 22  4  5 13 10 12  5  5 14  1 13  6 22  8 10 18  9  4  5  6  3  9  8 
10 19  9 19 26 15 17 18 15 14 17 17 25 22 18 17 29  7  8 29 20 25 14 18  3 18 18 15 19  9 34 18 26 13 19 21 26  3 24 17 15 18  5 17 31 17 17 35 20 18 21 12 22 13  7 17 33 20 20 17 34 24 24 17 18 17 24 10 14 14 15  9 26 24 22  2 22  0 22 25 10 13 26 19 18 30 23 15 28 11 29 17  6 30 19 18 19 19 13 15 
12  4 12  3  6  7  4  7  7  8  5  4  9 10 19  4  7 22 16 10  2 10 12  3 20 12  3  6  3 13 15  3 12 10 16  3 19 21 15  4 20  4 17  4 12  4  4 14  2  3  1 15 12 10 16  4 15  8  2  4 12 16  2  4  4  5  6 11  8 10  7 16  7  6 10 20  4 22  0  3 11 10  8  8  3 11  5 10  9 19 12 13 18 13  3  3  3  6  9  6 
15  6 16  6  4 10  7 10 10 11  8  7  9 11 21  7  3 26 19  8  5 10 15  7 24 15  7 10  6 17 13  7 12 13 18  6 19 24 16  7 22  7 21  7 10  7  7 11  5  7  4 18 13 13 19  7 13 10  5  7  9 17  2  7  7  8  6 15 12 13 10 20  6  7 11 23  5 25  3  0 15 13  8 10  7  9  5 13  7 22 11 15 22 11  6  7  6  8 12 10 
 5 10  4  9 16  7  7  8  7  6  6  7 17 15 17  7 18 11  5 20  9 15  6  8  9 10  8  5  9  5 23  8 16  3 15 10 21  9 18  7 15  9  7  7 22  7  7 25 10  8 11  6 15  7  7  7 22 10 10  7 24 16 13  7  7  7 15  1  6  5  7  6 17 13 15  8 13 10 11 15  0  5 15 12  8 20 14  6 19  9 21 12  9 22  9  8  9 11  4  5 
 2  7  3  7 16  2  6 11  2  2  6  6 12 10 11  6 17 16 10 16  8 18 11  7 10 14  6  6  7  3 24  6 19  7  9 11 16 13 13  6 11  6  8  6 18  6  6 22  9  6 10 12 10  1  6  6 24 13  9  6 21 20 12  6  8  8 11  4  1  9  2 11 13 15 10 11 10 13 10 13  5  0 17  7  6 20 10 10 15 15 16  6  8 17  7  6  9  6  2  5 
18 12 18 11  4 15 11  7 15 15 11 11 18 18 27 11  8 24 18 16 10  2 12 10 25  9 11 11 11 19  8 11  4 13 24  6 27 24 24 11 28 12 22 11 18 11 11 17  8 11  7 15 20 18 22 11  7  5  8 11 15 10  7 11  9  9 14 16 16 11 15 18 14  2 18 23 12 26  8  8 15 17  0 16 11  5 13 10 16 19 19 21 24 19 11 11  8 14 15 12 
 9  4 10  5 14  5  7 13  5  6  7  7  5  3 11  7 13 23 17 10  6 18 16  7 17 18  6  9  5 10 23  6 20 13  8 11 11 20  7  7 13  5 14  7 11  7  7 16  8  6  9 18  4  6 13  7 23 15  8  7 15 23 10  7  9  9  5 11  6 13  5 18  7 14  3 18  5 19  8 10 12  7 16  0  6 19  5 14  8 21  9  5 14 10  5  6  9  2  8  8 
 8  2  9  1  9  4  1  7  4  4  2  1  9  9 16  1 10 19 13 12  1 12 10  1 16 12  0  4  1 10 18  0 13  8 13  5 17 17 14  1 17  1 14  1 14  1  1 17  3  0  4 13 10  7 12  1 18  8  3  1 15 17  5  1  2  3  7  8  5  8  4 14  9  9  9 16  5 18  3  7  8  6 11  6  0 14  6  8 11 17 13 10 15 14  1  0  3  4  5  3 
22 15 22 14  5 18 14 12 18 18 14 14 18 20 30 14  7 29 23 15 13  6 17 13 30 14 14 15 14 23  4 14  8 17 27  9 29 29 25 14 31 15 27 14 17 14 14 15 11 14 10 20 22 21 26 14  4 10 11 14 13 14  9 14 13 13 15 20 19 16 18 23 15  6 20 28 14 30 11  9 20 20  5 19 14  0 14 15 16 24 19 24 28 19 14 14 11 17 19 16 
13  4 13  5  9  8  7 12  8  8  8  7  5  6 16  7  8 25 19  6  5 15 16  7 21 17  6 10  5 14 18  6 17 14 13  8 14 23 11  7 18  5 18  7  8  7  7 11  6  6  6 19  8 10 17  7 18 13  6  7 10 21  5  7  8  9  1 13  9 14  8 20  3 11  6 21  1 23  5  5 14 10 13  5  6 14  0 14  5 23  7 10 19  8  5  6  7  4 10  9 
10 10 10  9 12  9  7  3  9  9  6  7 18 17 21  7 15 13  7 20  9 10  2  7 15  4  8  5  9 11 18  8 10  3 20  7 25 13 22  7 21  9 13  7 22  7  7 24  8  8  9  5 18 11 13  7 17  5  8  7 22 10 11  7  6  5 15  7 10  1  9  7 17  9 17 13 13 15 10 13  6 10 10 14  8 15 14  0 19  9 21 16 15 22  9  8  7 12  8  6 
17  9 18 10 12 12 12 16 12 13 13 12  4  7 17 12  8 30 24  1 10 18 21 12 25 22 11 15 10 18 19 11 20 19 14 13 14 28 11 12 20 10 23 12  3 12 12  7 11 11 10 24  8 14 21 12 20 17 11 12  7 25  9 12 13 14  4 18 13 19 12 25  2 15  7 26  6 28  9  7 19 15 16  8 11 16  5 19  0 28  3 13 23  3 10 11 12  8 15 14 
13 19 13 18 21 16 16 13 16 15 15 16 26 24 25 16 25  5  5 29 18 18  7 16 13  9 17 13 18 13 26 17 17  9 24 16 31  8 28 16 23 18 12 16 31 16 16 33 17 17 18  4 25 16 13 16 25 13 17 16 31 14 20 16 15 14 24 10 15  9 16  3 26 18 24  9 22 11 19 22  9 15 19 21 17 24 23  9 28  0 30 21 14 31 18 17 16 20 13 14 
18 11 19 12 15 14 14 19 14 15 15 14  4  6 16 14 12 32 26  4 12 21 23 14 26 25 13 17 12 19 23 13 24 21 13 16 11 29  8 14 19 12 24 14  3 14 14  9 14 13 13 26  7 15 22 14 24 20 14 14 10 28 12 14 15 16  6 20 15 21 14 27  5 18  6 27  8 29 12 11 21 16 19  9 13 19  7 21  3 30  0 13 23  1 12 13 15 10 17 16 
 7  9  8 10 19  6 10 16  6  7 10 10  9  6  6 10 18 21 16 14 11 22 17 11 14 20 10 11 10  8 28 10 24 14  3 15  9 18  7 10  7  9 12 10 15 10 10 21 13 10 14 18  5  5 10 10 28 18 13 10 20 26 15 10 12 13 10 10  6 15  6 17 12 19  6 16 10 17 13 15 12  6 21  5 10 24 10 16 13 21 13  0 11 14 10 10 13  7  8 10 
 6 15  5 15 24 11 14 17 11 10 13 14 19 17 12 14 25 12  9 24 16 24 15 15  3 19 15 13 15  5 32 15 25 12 13 18 20  8 18 14  9 14  2 14 25 14 14 30 17 15 18 13 16  8  2 14 31 19 17 14 29 25 20 14 15 15 19  8  9 14 11 11 21 22 17  5 18  6 18 22  9  8 24 14 15 28 19 15 23 14 23 11  0 25 15 15 17 15  9 12 
19 12 20 13 15 15 15 20 15 16 16 15  5  8 17 15 12 33 27  3 13 22 24 15 27 25 14 18 13 20 22 14 24 22 14 16 12 30 10 15 21 13 25 15  2 15 15  8 14 14 14 27  9 16 23 15 23 21 14 15  9 29 13 15 16 17  7 21 16 22 15 28  5 18  8 28  9 30 13 11 22 17 19 10 14 19  8 22  3 31  1 14 25  0 13 14 15 11 18 17 
 9  1  9  0  9  4  2  7  4  5  3  2  8  8 16  2 10 20 14 11  1 12 11  2 17 13  1  5  0 10 18  1 14  9 13  5 17 18 13  2 17  1 14  2 13  2  2 16  3  1  4 14 10  7 13  2 18  9  3  2 14 17  5  2  3  4  6  8  5  9  4 15  8  9  8 17  4 19  3  6  9  7 11  5  1 14  5  9 10 18 12 10 15 13  0  1  3  3  6  4 
 8  2  9  1  9  4  1  7  4  4  2  1  9  9 16  1 10 19 13 12  1 12 10  1 16 12  0  4  1 10 18  0 13  8 13  5 17 17 14  1 17  1 14  1 14  1  1 17  3  0  4 13 10  7 12  1 18  8  3  1 15 17  5  1  2  3  7  8  5  8  4 14  9  9  9 16  5 18  3  7  8  6 11  6  0 14  6  8 11 17 13 10 15 14  1  0  3  4  5  3 
10  5 11  3  7  7  3  4  7  7  3  3 12 12 19  3  9 19 13 13  2  9  9  2 18  9  3  4  3 12 15  3 10  7 16  2 20 18 17  3 20  4 15  3 15  3  3 17  1  3  2 12 13 10 14  3 15  5  1  3 15 14  4  3  1  2  8  9  8  7  7 13 10  6 12 17  6 19  3  6  9  9  8  9  3 11  7  7 12 16 15 13 17 15  3  3  0  7  7  4 
 8  2  9  3 12  4  5 11  4  5  5  5  6  5 13  5 11 22 16  9  4 16 14  5 17 16  4  7  3 10 21  4 17 11 10  8 13 19 10  5 14  2 14  5 11  5  5 15  6  4  7 16  6  6 13  5 21 12  6  5 14 21  8  5  7  7  4 10  5 12  4 17  6 12  5 18  3 19  6  8 11  6 14  2  4 17  4 12  8 20 10  7 15 11  3  4  7  0  7  6 
 3  6  3  6 14  3  5  9  3  2  4  5 13 11 13  5 16 15  9 16  7 16  9  5 11 12  5  4  6  4 23  5 17  5 12  9 18 12 14  5 13  5  8  5 18  5  5 22  8  5  9 10 11  3  7  5 22 11  8  5 21 18 11  5  6  6 11  3  2  7  3 10 13 13 11 11  9 13  9 12  4  2 15  8  5 19 10  8 15 13 17  8  9 18  6  5  7  7  0  3 
 6  5  6  4 11  3  2  6  3  3  1  2 12 11 16  2 13 16 10 15  4 13  8  2 14 10  3  1  4  7 19  3 14  5 13  6 19 14 15  2 16  4 11  2 17  2  2 20  5  3  6 10 12  6 10  2 19  8  5  2 18 16  8  2  3  3 10  5  4  5  3 11 12 10 11 13  8 15  6 10  5  5 12  8  3 16  9  6 14 14 16 10 12 17  4  3  4  6  3  0 

 0  0  1 31  1 74  0  0 22  6 19 45  0  0  0  0  0  0  0  0  0  0 18  0  0  0  0 46  0  0  0  0  0 40  0  1  0  0 12  0  0  3  0  1  0  0  0  0  0  0  0  0 42  0  6  0  0  0  0  0  0  2  7  1  0  0  0  2  0  0  4 59  6  0  1  0  8  0  0  0  0  0  0  0  0  0  2  5  3  0 84 49  4  0  0  0  0 26  0  0 
 0  0  0  1  0  0 10  0  0  0 23  0  0  0 15  0  0  1  9  0 19  0  0  2  0  5  0  1  0  0  0  0  4  0  1  0  0  0  0  2  0  4  0 75  0  1 24  0  0  1  0  0 61  0  0  0  0  0  0  0  0 27  0 96  0  7  0  0  0  0 24  0 59  0  0 13  0  0  0  0  0  0  0  0  0 42  0  0  0  0  3  0  0  0  0 13 21  0 22  0 
 1  0  0  0 53  0  0 70  0  8  0  0  1  0  0  0  0  0  0  0  0 52  0  0  0  0  1  0  0  0  0  0  0  0  0  0  1  0  0 38  0  0  2  0  1  0 25  0  0  3 10  0  0 73  0  0 25  0  0  0  9 19  0  1  0  5  0  0  0  0  0  0  0  0  0 40  0 37 38 62  0  0  0  0  0  0  0 11  0  0 32  0 80  0  0  1  0  0  0  0 
31  1  0  0  0  2  0  0  5  0  1  0  0 64  0  0  0 71 27  1 14  1  0  0  0  4  0  0  0 15  0  0  0  0  7  0  0  0  0  0  0  0  0  0  5  5  0  0  0  0  0  9  0  0  0  0  0  0  0  1  0 35  0  0  3  0  0  3  0 35  0  4  0  1  0  0  0  0 87  0  0 62  0 72 98  6  0  0  0  0  0  0  0  0  0  0  0  1 73  2 
 1  0 53  0  0  0  0  0  1  0  0  0  0  0  0  0  0  1  0  0  0  0  0  0  0  0 34  0  0  0  0  0  0  0  0  0  0 24  7  0  8  0 85  1  0  0  7  2  0  0 43  7  0  0 83  0  2  8  0 20  0  0 67  0  0 10  0  0  5  2  0  0  0  0  0  0 10 19  0  0  0 20  3  0  0  0  0  0  1 10 48  8  0 59  0  0  0  0  0  0 
74  0  0  2  0  0  0  0  0  2  0  0  0  0  0  0  1  0  0  0  0  0  5  0 30  0  0  0 19  0 16  0 16  0  0  0  0  0  0 15  0  0  2  0  0  0  0  0  0  0  0  0  0  6  0  0  0  0  1  1  0  0 44  0  4  0  1  1  0  0  1  0  0  2  4  0  9  0  0  0  0  0  2  0  0 80  0  0  2  0  0  0  0  0  0  0  0  0  0  0 
 0 10  0  0  0  0  0 54  0  2  0  0  0  0  0  0  0  0  0  0  0  0  0  0  0  4  0  0  2  0  0  0  0 10  0  0  2  0  0  2  0  0  0  0  0  0  9  0  0  0  0  0  0 25  1  0 16  0  8  7  0  0  0  0  1  0  0  0 22  0  0  0  0  0  0  0  0  0  0  0 65  0  0  0  0  0  0  0  0 10  0  9  0 78  4 21  0  0  0  0 
 0  0 70  0  0  0 54  0  1  0 30  0  0  0  0  0  0  0  0 76  0  4  0  0  0  0  0  2  0  0 41  0 20  0  0  0  0  0  0  0 43  4  7  0 22 78  0  0  0  0  0  0  0  0  0  0 27  0  0  6  0  0  4 25  0  0  0  0  0 12  0  0  4  0  0  0  1  0  4  0 33  0  0  1  0  0  0  2 58 82 40  0  2 36  1 78  0  0 13  0 
22  0  0  5  1  0  0  1  0  0  0  0  0  0  3  0  0 17  0  0  0  0  0  2  0  0  0  0  0  0  6  0  0 79 23  0 47  3  0  0  0  1 40  0  0 39  0  8  0  2  0  0  0  0  0  2 10  1  2 16 15  0  3  6  0  0  0 18  0  0  0  0  0  0  0  0 25  1  0  0  0  0 27 29  0  1  0  0  0  0  0  9  0  0 91  0  0  0  0  0 
 6  0  8  0  0  2  2  0  0  0  0  0  0  0 82  0  0 15  0  0 94  0  0  0  8  0  0  0  0  0  1  0 42  0  0  0  0  0  0  0  1  0 10  0  0  0  0  0 15  0  0  0  0  3  0 10  0  0  0  0  0  0  0  0  2  0  1  0  0  0  0 38 27  0  1  0 33 34 17  0  0  0  0  0  0 10  0  0  0  2  2  0  1  0  1  0  0  0  0  0 
19 23  0  1  0  0  0 30  0  0  0  0  0 20  0  0  0  1 77  0 57  0  0  0  0  0  0  0  0  0  0  0  0  0  0  0  0  0  0  0  0 29  0  0  0  0  0  0  2 30 16  0  0  0  0  0  8  0  0  3  0  0  1  2  0  0 32 35  0  1  0  0  0  0  0  0  0  3  0  0  0  0  0  0  0 26  0  0  0  3  0  0  0  0  1  0  0  0  0  0 
45  0  0  0  0  0  0  0  0  0  0  0  0  0  0  1  0  0  0  0  0  3  1  0  0  0  0  0  0  1  0 84  0  0  0  0  0  8  0  2  0  0  0  0  0  0  0  0  0  0  0 36  0  0  3  0  0  0  1  1  0  0  0 10  0 70 90  0 82  0  0  0  1  0  3  0  0  0  0  2  0  0  0  0  0  0  0  0  0  0 66 14  0  0  0  0  0  3 17  0 
 0  0  1  0  0  0  0  0  0  0  0  0  0  0  0  0 84  0  0 22  6  0  0  0 25  0  0  0  4  0  0  1  0  0  0  0  0  0  0  0  0 92  0  0  0  6  0  0  0  0  1  0  0 19  0  0  5  0  1 48  0  0  0  0  0  2  0  1  1  0  0  0  0  0  0  0 12  0  0  0  0  4  0  0  0  0  0  1  0  0  0  4  0  0  0  0  0  0  4  0 
 0  0  0 64  0  0  0  0  0  0 20  0  0  0  1  0  2  0  0  0  0  0  2 45  0  0  4  0  0  0  0  0  0  4  0  0  0  0  0  0  0  1  0  8  0  0  0  0  0  0  0  3  0  0  0 26  0  0  0  0  0  0  0  0  0 35  0  0  0  0  0  2  0  0  0  0  1  0  0  4  0  0  1  0  0  0  7  0  0  3  1  5  0  0  0  0 23  0  0  0 
 0 15  0  0  0  0  0  0  3 82  0  0  0  1  0 89  0  0  0  1  0  0  0  0  0  0  1  0  0 22  0 41  1  0  0  0  0  3 25  0  0  0  0 99  0  0  0  0  0  0  3  0  0  0  0  0  0  0  3  0  0  0  0  6  0  0  0  0  0  0  0  0  0  0  0  0  9  0  1  0  0  0  0 25  0  0  0  0  3  0  0  0  0 23  0  0  0  0  0  0 
 0  0  0  0  0  0  0  0  0  0  0  1  0  0 89  0  0  0  0  5 46 74  0  0  5  0  3  5  3  0  0  0  0  0  2  7 33  0  0  0 35  2 82  0  2  0  0  0  0  0  1 43  0  0  0  0  0  0  0  0  0 17  1  0  0 26 75  4  0  0  0  0 20  0  0  0  2  0  0  0  0  0  0  0  0  9 30  0  0  0  0  0  0  0 13  0  0  0  0  0 
 0  0  0  0  0  1  0  0  0  0  0  0 84  2  0  0  0 31  1  0  0  0  0  0  0  1  0 43  0  1  0 20  5  0  0  0  0  0 10  0  0  0  0  0  2  0 48  0  0  0  0  1  0 64  0  0  0  0  0  0  0  0  0 65  0  2  0  0  1  0  0  0  0  0  0  0  0  0  0  0 47  0  0  0  0  0  0  0  4  0  0  2  0  0  0  4  0 99  0 62 
 0  1  0 71  1  0  0  0 17 15  1  0  0  0  0  0 31  0  0  0  6  0  0  0 40  0  7  6  0  5  0  0  0  0 97  0  0 10  0  0  0  3  0  0  0  0  0  0  0  0  0  0  0  0  0  0 39  0  4  0  0  0 10  1  0  0  0  0  0  0  0 11  0  4  2 42  0  0 84  0 17  0  0  0  0 26  0 73  0  0  0  0  0  0  0  0  0 65  0  0 
 0  9  0 27  0  0  0  0  0  0 77  0  0  0  0  0  1  0  0  0  0  0  0 20  0  0 16  0 11  0  0  0  0 83  2  0  0  0  0  0  0  0  0  0  0  0 28  0  0 11  0  0  0  3  0  0  0  0  3  0 16  5  0  0  0  0  0  0  0  6  3  6 92  0 45  0  0  0  0  0  0  0  0  0  0  0  0  0 17  8  0  0  0  0  0  2  0 38  0  0 
 0  0  0  1  0  0  0 76  0  0  0  0 22  0  1  5  0  0  0  0  0  0 15 17  0  2  0  0  0 40  0  1  1  2  1  4  0  0 55  0 34  0  0  0  0  0  0  0  0  0  0  0  0  0  6  0  0  0  0  0  0  0  0 12  0  0  0  0 64  2 20  0  0  5  0  0  0 59  0  0 29  0  0  0  0  0  3  0  0  0 25  0  0 19  0 48  0  0  4  1 
 0 19  0 14  0  0  0  0  0 94 57  0  6  0  0 46  0  6  0  0  0 47  0  0  1  0  0  0  0  7 67  3  0  0 99  0  0  2  0  0  0  0  0  0  0  0  0  0  1  0  0  0 17  0 37  1 97  0  0  0  0  0  0 24  0  3  0  0  0  0  0  0 16  0  3  0  0  0  1  0  0  0 10  2  0  3  0 43  9  0  0  1  0  0  0  0  1  0  1 42 
 0  0 52  1  0  0  0  4  0  0  0  3  0  0  0 74  0  0  0  0 47  0  0  0  0  0  0  0  0  0  0  0  0  0  0  0  1  0  0  2  6  0  3  0  0  0  0  4 56 55  0  0  0  0  1  1  0  0 25  0  0  9  0  0  0  0  0  0  0 25  0  0  0  0  2  0  0  0  0  0 34  0  0  0  0  0  0 20 39  0  0 78  0  0  0  0  0  0  1  0 
18  0  0  0  0  5  0  0  0  0  0  1  0  2  0  0  0  0  0 15  0  0  0  3  4  0  2  0  0  0  0  0  0  0 50  0  1  0  0 54  0  2  0  0  0  0  0  0  0  1  2  0  0  0  0 24  0  0  0  3  0  5  0  0  0  0  0  0  0  0  0  7  0  0  0  0  0  1  0  0  0  0  0  0  0 12  0  0  0  0 92  0 74  0  0  1 32  5 68  1 
 0  2  0  0  0  0  0  0  2  0  0  0  0 45  0  0  0  0 20 17  0  0  3  0  0  0  0  1  0  0  1 54 40  0 36  0  0  0  0 23  0  1  0 15  0  1  0  0  6 30  0  0  0  1 97  0 16  0  0 69  0 36  0  0  0  0  0  0  0  0  0  0  0  0  5  0 14  0  0  0  0  0  0  0  1  0  0  0  0 47  0  0  0  0  1  0  0  0 39  0 
 0  0  0  0  0 30  0  0  0  8  0  0 25  0  0  5  0 40  0  0  1  0  4  0  0  0 27  0  0  0  0  0  0  5  0  0  1  7  0  0  0 12  0  0  1  0  0  0 86  4  0  5  0  0  0 15  0  0  0  0  0  0  0 21 29  0  0  0  0  0  3 32  0  0  7  0  1  0  0 50 32  0  0  3  0  0  1 25  9  0  0  0  0  7  0 45  0  0  1  0 
 0  5  0  4  0  0  4  0  0  0  0  0  0  0  0  0  1  0  0  2  0  0  0  0  0  0  3  0  0  0  0  2  0  0  0  5  0  1  0  6  1  0 56  0 30  0  0  0  0  0  0  0  0  0  8  6  0  0  0  0  0  0  0  0  0  0  0  1  0  0 96  0  0  0  0  0  0 39 34  9  1  0  0  0  0  3 21  0  0  0  0  0 70 37  0 35  0  0  0  0 
 0  0  1  0 34  0  0  0  0  0  0  0  0  4  1  3  0  7 16  0  0  0  2  0 27  3  0  4 39 17  0  0  0  0  0 96  0  0  0 25  0 84  0 26  0  0  0  0  0  0  0  3  4  0 35  0  0  0  0  0  1  0  9  0  2  0  0  0 15 23  0  0  0  0 17  0 23 65  0  0  0 10  0  0  0  0  0  3  0  0  0 13  0  8 17  0  0  0  0 85 
46  1  0  0  0  0  0  2  0  0  0  0  0  0  0  5 43  6  0  0  0  0  0  1  0  0  4  0  0  0  0  0 25  0  0  7  4  0 41  0  3  3  0  0  0 63  0  0  0  0  3  0 18  0  0  0  0  0  0  2  0  0  0  2  0  0  0  0  0  0 23  0  0  0  0  0  2 22  0  0  0  0  0  1  0 69  0  0  0  0  0 49  1  2  0  0  0  0  6  0 
 0  0  0  0  0 19  2  0  0  0  0  0  4  0  0  3  0  0 11  0  0  0  0  0  0  0 39  0  0  5  0  0  0  4  0  0 59 94  0  1  0 53  0  0  0  0  0  0 89  0  0  1  0  0  0  0  0  0  0  0  0  0 55 59  1  0  2  0  0  0  0  9  0  0  0  8  0  0  0  0  0  0  0  0  0  0  6  0 16 50  0  0  0  0  0  0  0  2 26  0 
 0  0  0 15  0  0  0  0  0  0  0  1  0  0 22  0  1  5  0 40  7  0  0  0  0  0 17  0  5  0  0 38  0 22  0  0  0  0  0  0  0  0  0 34  0  0  0  0  0  0  0  0  0  0  5  0 10  0  0  3 97 61  0  0 14  0  0  0 69  4  0 54  3  0  0 12 85  8  0 13  0  0  0  1  0  6  3  0  4  0  0  0  0  0 38 49 16 27  0  0 
 0  0  0  0  0 16  0 41  6  1  0  0  0  0  0  0  0  0  0  0 67  0  0  1  0  0  0  0  0  0  0  0  0  0  0  0  0  0  0  0 75  0  0  5 69  0  0  1 11  0  6  0 62  0 13  0  0  0  6  0  0 33  0  3 12  0  4  9  0 12 27  0  2  0  0  0  0 21  0  0  0  0  0  0  0  0  0  0  0  2  0  0  0  0  0  0  0  0  0  0 
 0  0  0  0  0  0  0  0  0  0  0 84  1  0 41  0 20  0  0  1  3  0  0 54  0  2  0  0  0 38  0  0 20  0  0 11  0  0  0  0  1 43  2  0  1  0  0  0 61  0  0 96  0  0  0  0  0  2  3  0  0  0  0  0  0  0 32  0  0  0  0  0  0  0  0  0  9  8  2  0  0  0 81  5 18  0  0  0  0  0  0  0  0 22  0  0  0  0  1  0 
 0  4  0  0  0 16  0 20  0 42  0  0  0  0  1  0  5  0  0  1  0  0  0 40  0  0  0 25  0  0  0 20  0  0  0 16  0  3  0  6 11 31  0  0  0  0  0  0  0  0  0  2  0  7  0  0  1  1  0  0  0  0  0 47  2  0 21  0  2  0  0 21 15  0  0  0  0 64  0  0  0  0  2 15 83 34  0  0 53 19  0  1  0 92 18  0  3  2  0  4 
40  0  0  0  0  0 10  0 79  0  0  0  0  4  0  0  0  0 83  2  0  0  0  0  5  0  0  0  4 22  0  0  0  0  0  0  0  0  9 28 32  0  0 24  0  0  0  2  0  0 53  0  0 30  0  0  0  0  0  0  0  0  0  0  0  7  0 44  0  0  4 38  0  0  1 79  0  0  4  0  0  1 47  0 30  0  0  4  0 10  0  0  2  0  0  0 34  0  0  0 
 0  1  0  7  0  0  0  0 23  0  0  0  0  0  0  2  0 97  2  1 99  0 50 36  0  0  0  0  0  0  0  0  0  0  0  0 20  0  0  0  9  0 31  5  0 14  0 54  0  0  0  0  0  0  9  0  0  0  0  0  0  4  0  2  0  0 63  0  0 35  0  0  0  0 11 21  0  0  3  0  0  0  0  0  0  0  0  0  0  0  1 58  0 17  0  0 11 40  0  0 
 1  0  0  0  0  0  0  0  0  0  0  0  0  0  0  7  0  0  0  4  0  0  0  0  0  5 96  7  0  0  0 11 16  0  0  0  6  2  0  0 12  0  0  0  0 28  0  0  3  1  0  0 84  0 32  0  0 83  0  0  0  4  9  0  0  0  0  0  0  0  0 48  0  0  0  0  0  1  0  0  0  0  0  0  0  0  0  0  0  0  0  0 18  0  0  0 55  2 24  0 
 0  0  1  0  0  0  2  0 47  0  0  0  0  0  0 33  0  0  0  0  0  1  1  0  1  0  0  4 59  0  0  0  0  0 20  6  0 11  0 93  0  3  0  0  0  0  0  0  0  0  0 19  2 27  0 21  0  0  1  0  0  0  1  0  0 63  0  0  4  0 45  5  0  0  0 62  0  0  0  2  0  0  0  0 18  0  0  0  0  2  0  0  0  0  0  2 37  0  0  0 
 0  0  0  0 24  0  0  0  3  0  0  8  0  0  3  0  0 10  0  0  2  0  0  0  7  1  0  0 94  0  0  0  3  0  0  2 11  0  0  0 51 16  0 40  0  0  0  1  0 11  0 52  0  0  1  0  0  0  0  0 18  0  0  0  0  0  4  0  0  0  0  0  0 43  1  4 35  0  0  0 19  0  0  0  0  0  0  0  0  0  0  0  0 12  0  0  0  0  0  0 
12  0  0  0  7  0  0  0  0  0  0  0  0  0 25  0 10  0  0 55  0  0  0  0  0  0  0 41  0  0  0  0  0  9  0  0  0  0  0 10  0  0  4  0  0  0 70  0  0  0  0 18  0  0  2  0  0 15  0 14  0 23  0  0  0  0  0  0  0  0  0  0  4  0  0  0  0  0  0  0  1  0  0  0  0  0  0  0  0  0  0  3  0  0  0  0  2  0 37  0 
 0  2 38  0  0 15  2  0  0  0  0  2  0  0  0  0  0  0  0  0  0  2 54 23  0  6 25  0  1  0  0  0  6 28  0  0 93  0 10  0  0  0  0  0  0 50  0  0 94  4  0  0  0  0 33  0  0 15 30  0 40 47  0  0 63  0  0  0  0  0  1  4  0  0  0  0 15  1  0  0  0  0  0  0  0  0  0  0  2 14  1  0  0  0  0  0  0  0  5  0 
 0  0  0  0  8  0  0 43  0  1  0  0  0  0  0 35  0  0  0 34  0  6  0  0  0  1  0  3  0  0 75  1 11 32  9 12  0 51  0  0  0  0  0  0  0  7  0  6  0 44  0  0  8 28  0  0  0  0  0  0  0  0  0  0  0  0  0  0  0  1  0  0  0  0 10  0  0  0 89  0  0  0 19  0  0  0  0  0  0  1  0  0  0  0  0  0  0  0  0 13 
 3  4  0  0  0  0  0  4  1  0 29  0 92  1  0  2  0  3  0  0  0  0  2  1 12  0 84  3 53  0  0 43 31  0  0  0  3 16  0  0  0  0  9  0  0  0  0  0  0  0  0  0  0  1  0  0  0  0  0 17  0  0  0  0  0  1  0 14  0  1  0  3 15  0  0  0  0  0  0  0  0  0  0  9  0  0  0  0  0  0 62  0 10  1  0 20  4  0  0  0 
 0  0  2  0 85  2  0  7 40 10  0  0  0  0  0 82  0  0  0  0  0  3  0  0  0 56  0  0  0  0  0  2  0  0 31  0  0  0  4  0  0  9  0 12  0  0  0  0 74  0 44  0  0  0 16  9  0  0 25 35  0 17  1  0 21  0  0  0  0 94  0  9  0  2  0  0  0 33  0  0  0  0  0 44  0  0  0  1  0  0  0  0 74  6  0  0  1 49  0  0 
 1 75  0  0  1  0  0  0  0  0  0  0  0  8 99  0  0  0  0  0  0  0  0 15  0  0 26  0  0 34  5  0  0 24  5  0  0 40  0  0  0  0 12  0  5  0  0  0  0 12  0  0 62  0  0  0  0  0  0  1  0  0  5  7  0  1  0  0  0  0  0  0  0  0  0  0  0  0  0 29 29  0  0  0  0  1  0 14  0  0  1  0  0 12 11 36  0  0  0  0 
 0  0  1  5  0  0  0 22  0  0  0  0  0  0  0  2  2  0  0  0  0  0  0  0  1 30  0  0  0  0 69  1  0  0  0  0  0  0  0  0  0  0  0  5  0  0  0  0  0 13  0  0  0  0  0  1  0  7  0 38  0  0  0  0  0  0  0  0  1  0  0  0  0 53  0  3  0  0  0  0  0  5  1  0  0  0  0 14  0 37  0  0  0 34  0  0  0  0 34  0 
 0  1  0  5  0  0  0 78 39  0  0  0  6  0  0  0  0  0  0  0  0  0  0  1  0  0  0 63  0  0  0  0  0  0 14 28  0  0  0 50  7  0  0  0  0  0 63  0  0  0  0  0  0 14  0  0  0 30  0  0  0  0  0  0  3  0  3  0 30 10 82  0 47  0  0 33  0  1  0  0  1  0  2  0  4  0  0  2  2  0  0  0  0  0  0  0  0  0  0  0 
 0 24 25  0  7  0  9  0  0  0  0  0  0  0  0  0 48  0 28  0  0  0  0  0  0  0  0  0  0  0  0  0  0  0  0  0  0  0 70  0  0  0  0  0  0 63  0 61  0  0  0  0  0  0  0 15  0  0  0  0  0  0  0  0  0 11 31  0  0  0  3  0  0  0  7 70  0  0  0  0  0  0  0 94  0  0 41  0  0 60  0  0  3  0  2  0  1  1 19 37 
 0  0  0  0  2  0  0  0  8  0  0  0  0  0  0  0  0  0  0  0  0  4  0  0  0  0  0  0  0  0  1  0  0  2 54  0  0  1  0  0  6  0  0  0  0  0 61  0  0  0  0  3  0  0  0  0  0  2  0  0  0  0  0  0  0  0  0  0  0  0  0 35  0  0  0 12  0  2 29  0  0  2  0  1  0  0  0 84  0 16  0  0  0  0 13  2 26 36  0  0 
 0  0  0  0  0  0  0  0  0 15  2  0  0  0  0  0  0  0  0  0  1 56  0  6 86  0  0  0 89  0 11 61  0  0  0  3  0  0  0 94  0  0 74  0  0  0  0  0  0 70  0  0  0  0 34  0  0 10  3  0 56  0  0  0  0  3  0  0  0  0  0  0 16  0 36  0  0  3  0  0  1  0  0  0  0  0  0  0  0  0  0 35 25  0  0  0  0 25  6  0 
 0  1  3  0  0  0  0  0  2  0 30  0  0  0  0  0  0  0 11  0  0 55  1 30  4  0  0  0  0  0  0  0  0  0  0  1  0 11  0  4 44  0  0 12 13  0  0  0 70  0  0  0  0  0  5  0  0  0 91  0  3 10  0  0  0 10  0  0  0 56  0 23  0  0  3  0  0  0  2  0  0  0  0  0  3  6  0  0 22  0  1  1 67  4  0  0  0 15 16 50 
 0  0 10  0 43  0  0  0  0  0 16  0  1  0  3  1  0  0  0  0  0  0  2  0  0  0  0  3  0  0  6  0  0 53  0  0  0  0  0  0  0  0 44  0  0  0  0  0  0  0  0  0  5  0  0  0  0  0  0  0  0  0 32  0  0  1  0  0  0  0  0  1  0  0  0  0 63  0  0 85  0  0  0  0  0 84  0  0  0  0 93 18  0  0  0 86  0  3  0  1 
 0  0  0  9  7  0  0  0  0  0  0 36  0  3  0 43  1  0  0  0  0  0  0  0  5  0  3  0  1  0  0 96  2  0  0  0 19 52 18  0  0  0  0  0  0  0  0  3  0  0  0  0  7  0  0  0  0 10  0  5  0 28 15  0  0  0  0 72  4  0  0  0  3  0  0  3  0  1  0  2  0  0  0  0  0  0  0  0  0  2  6  0  0  0  0 41  0  3  0 24 
42 61  0  0  0  0  0  0  0  0  0  0  0  0  0  0  0  0  0  0 17  0  0  0  0  0  4 18  0  0 62  0  0  0  0 84  2  0  0  0  8  0  0 62  0  0  0  0  0  0  5  7  0  0  0  0  0  0  8  0 32  2  0 11  0 42  0  0 24  0  0  3  0  0  0  0  3  8  0  0  0  2  0  0  0  0  0  0  0  0  0  0  0  3  0  2 35  0  0  0 
 0  0 73  0  0  6 25  0  0  3  0  0 19  0  0  0 64  0  3  0  0  0  0  1  0  0  0  0  0  0  0  0  7 30  0  0 27  0  0  0 28  1  0  0  0 14  0  0  0  0  0  0  0  0  2  0  1  0  0  3  0  0  0  0  0  0  0  1  0  0  0  0  0  0  0 22  0 25  0  0  0  0  0 21  0  0 30 16  3  0  1  0  0  0  6  0  0  0  0  0 
 6  0  0  0 83  0  1  0  0  0  0  3  0  0  0  0  0  0  0  6 37  1  0 97  0  8 35  0  0  5 13  0  0  0  9 32  0  1  2 33  0  0 16  0  0  0  0  0 34  5  0  0  0  2  0  0  0  0  0  0  0  0  3  0  0  0 10  0  0  1  0  0  0  0  7  0  0 24  0  0  0  0  2  0  0 70  0  0  0  0  0  0 13  0 10  0  1  0  0 11 
 0  0  0  0  0  0  0  0  2 10  0  0  0 26  0  0  0  0  0  0  1  1 24  0 15  6  0  0  0  0  0  0  0  0  0  0 21  0  0  0  0  0  9  0  1  0 15  0  0  0  0  0  0  0  0  0  0  0  1  0  0  0  0  0  0  1  0  3  0  0  0  0  1  0  0  0  0  1  0  0  0 81  0  0 10 20  0  0  0  0  0  2  0  0  0  0  0  0  0  0 
 0  0 25  0  2  0 16 27 10  0  8  0  5  0  0  0  0 39  0  0 97  0  0 16  0  0  0  0  0 10  0  0  1  0  0  0  0  0  0  0  0  0  0  0  0  0  0  0  0  0  0  0  0  1  0  0  0  0  0  1  0  0  0  0 63  0 33 73  0  0 17  0 17  0  0  0  0  0  0  0  1  0  0 46  0  0  0  0  0  0  0 59  0  0  0  0  0  0  0  0 
 0  0  0  0  8  0  0  0  1  0  0  0  0  0  0  0  0  0  0  0  0  0  0  0  0  0  0  0  0  0  0  2  1  0  0 83  0  0 15 15  0  0  0  0  7 30  0  2 10  0  0 10  0  0  0  0  0  0  0  0 88 18  0  0  0  2  0  0  4  1  0  0 43  0  0  0  0  0  0  0  7  0  6  0  5  0 74  8  0  0 10  0  0  0  0  0  0  0  0  0 
 0  0  0  0  0  1  8  0  2  0  0  1  1  0  3  0  0  4  3  0  0 25  0  0  0  0  0  0  0  0  6  3  0  0  0  0  1  0  0 30  0  0 25  0  0  0  0  0  3 91  0  0  8  0  0  1  0  0  0  0  0  0 25  0  0 30 23 89  0  0  0 12  0  2 55  0  0  0  0  0  0  1  0  0  0  0  0  0  0  0 14  0  0  0  0  0  3  0  4  1 
 0  0  0  1 20  1  7  6 16  0  3  1 48  0  0  0  0  0  0  0  0  0  3 69  0  0  0  2  0  3  0  0  0  0  0  0  0  0 14  0  0 17 35  1 38  0  0  0  0  0  0  5  0  3  0  0  1  0  0  0  0 39  0  0 13  0  0  0  0  0  0  0  0  0 19  0  0 39  0  0  0  0  0 41  0  7  0 10 65  0 81  0  0  0  0  0  0  0  0  0 
 0  0  9  0  0  0  0  0 15  0  0  0  0  0  0  0  0  0 16  0  0  0  0  0  0  0  1  0  0 97  0  0  0  0  0  0  0 18  0 40  0  0  0  0  0  0  0  0 56  3  0  0 32  0  0  0  0 88  0  0  0  0  0  0 30  1  0 38  0  0  0  0  0  0  0  0  0  5  0  0  0  0  0  0  0  0  0  0  0  0 15  0  0  0  0  1  0  0  0  0 
 2 27 19 35  0  0  0  0  0  0  0  0  0  0  0 17  0  0  5  0  0  9  5 36  0  0  0  0  0 61 33  0  0  0  4  4  0  0 23 47  0  0 17  0  0  0  0  0  0 10  0 28  2  0  0  0  0 18  0 39  0  0  0  0  0  1  0  0  3  0  0  0  0  0  0  0  5  1  0  0  3 22  0  0  0  1 35  0  0  0  0 53  0  1  0  0  0  2  7  0 
 7  0  0  0 67 44  0  4  3  0  1  0  0  0  0  1  0 10  0  0  0  0  0  0  0  0  9  0 55  0  0  0  0  0  0  9  1  0  0  0  0  0  1  5  0  0  0  0  0  0 32 15  0  0  3  0  0  0 25  0  0  0  0  2  0  0  0  0  0 43  0  0 65  0  0  0  0  0  0  0  2  0  0  1  0  0  0  0  5  0  2 17  0  0 49  0  0  7  0  0 
 1 96  1  0  0  0  0 25  6  0  2 10  0  0  6  0 65  1  0 12 24  0  0  0 21  0  0  2 59  0  3  0 47  0  2  0  0  0  0  0  0  0  0  7  0  0  0  0  0  0  0  0 11  0  0  0  0  0  0  0  0  0  2  0  0  0  8  4  0  0  0  0  1  0  0  5  0  0 21 30  0  0  0  0  0  0  2  0  0  0  0  1 77 32  0  0  0  0  0  0 
 0  0  0  3  0  4  1  0  0  2  0  0  0  0  0  0  0  0  0  0  0  0  0  0 29  0  2  0  1 14 12  0  2  0  0  0  0  0  0 63  0  0 21  0  0  3  0  0  0  0  0  0  0  0  0  0 63  0  0 13 30  0  0  0  0 32  0  3  0  0  2  0  0  0  0  0  0  0  0  0  0  0  0  0  0  0  2  0 20  0  4  4  0 16  0  2  0  0  0  0 
 0  7  5  0 10  0  0  0  0  0  0 70  2 35  0 26  2  0  0  0  3  0  0  0  0  0  0  0  0  0  0  0  0  7  0  0 63  0  0  0  0  1  0  1  0  0 11  0  3 10  1  0 42  0  0  1  0  2 30  0  1  1  0  0 32  0  0  0  0  0  0  0  1  7  3  8  0  1  0  0  0  0  0  0  0  0  3  0 23 31  0  0  0  0  0  0  0 11  0  1 
 0  0  0  0  0  1  0  0  0  1 32 90  0  0  0 75  0  0  0  0  0  0  0  0  0  0  0  0  2  0  4 32 21  0 63  0  0  4  0  0  0  0  0  0  0  3 31  0  0  0  0  0  0  0 10  0 33  0 23  0  0  0  0  8  0  0  0  4  0 47  0 11  0  0  0  0  0  0  0  0  0  0  0  0  0  0  0  0  0 13 44  0  9  2 85  0  2  0  0  0 
 2  0  0  3  0  1  0  0 18  0 35  0  1  0  0  4  0  0  0  0  0  0  0  0  0  1  0  0  0  0  9  0  0 44  0  0  0  0  0  0  0 14  0  0  0  0  0  0  0  0  0 72  0  1  0  3 73  0 89  0 38  0  0  4  3  0  4  0  0  0  1  0  0  0  0  0  0 17  0  0  0  5  0  0  0  2  7  0  0  0  0  0  1 17 37 17  0  0  2  0 
 0  0  0  0  5  0 22  0  0  0  0 82  1  0  0  0  1  0  0 64  0  0  0  0  0  0 15  0  0 69  0  0  2  0  0  0  4  0  0  0  0  0  0  0  1 30  0  0  0  0  0  4 24  0  0  0  0  4  0  0  0  3  0  0  0  0  0  0  0  0  0 71  6  2  0  0  0  4 28  0 53  0  0  0  0  5  0  0  7  0  0  0  0  0  0  0  0  0  0  0 
 0  0  0 35  2  0  0 12  0  0  1  0  0  0  0  0  0  0  6  2  0 25  0  0  0  0 23  0  0  4 12  0  0  0 35  0  0  0  0  0  1  1 94  0  0 10  0  0  0 56  0  0  0  0  1  0  0  1  0  0  0  0 43  0  0  0 47  0  0  0  0  0  3  0  0  0  0  6 70  0  0  0 47  0  0  0  0  0 50 50  0  0  0  0  0  0  0  6  0  2 
 4 24  0  0  0  1  0  0  0  0  0  0  0  0  0  0  0  0  3 20  0  0  0  0  3 96  0 23  0  0 27  0  0  4  0  0 45  0  0  1  0  0  0  0  0 82  3  0  0  0  0  0  0  0  0  0 17  0  0  0  0  0  0  0  2  0  0  1  0  0  0 31  0  0  0  9  0  1  4  0  0  3  0  0  0  0  0 14  0  0  0  0  0  2  0  0  0  0 49  0 
59  0  0  4  0  0  0  0  0 38  0  0  0  2  0  0  0 11  6  0  0  0  7  0 32  0  0  0  9 54  0  0 21 38  0 48  5  0  0  4  0  3  9  0  0  0  0 35  0 23  1  0  3  0  0  0  0  0 12  0  0  0  0  0  0  0 11  0 71  0 31  0 13  0  0  0  5  0  0 30  0  0  0  1  0  9 12  0  9  0  0  8  0  0  0  0  4 25  4  0 
 6 59  0  0  0  0  0  4  0 27  0  1  0  0  0 20  0  0 92  0 16  0  0  0  0  0  0  0  0  3  2  0 15  0  0  0  0  0  4  0  0 15  0  0  0 47  0  0 16  0  0  3  0  0  0  1 17 43  0  0  0  0 65  1  0  1  0  0  6  3  0 13  0  0  0  1  0  0  9  1 14  0  0  0 63  4  4  0  0  0  0  0  0 11 48  0  1 22  0  0 
 0  0  0  1  0  2  0  0  0  0  0  0  0  0  0  0  0  4  0  5  0  0  0  0  0  0  0  0  0  0  0  0  0  0  0  0  0 43  0  0  0  0  2  0 53  0  0  0  0  0  0  0  0  0  0  0  0  0  2  0  0  0  0  0  0  7  0  0  2  0  0  0  0  0 93  0  0  0 21  5  0  0  0  0  0  0  0  0  2  0  1  0 83  0  0  0 51  0  0  0 
 1  0  0  0  0  4  0  0  0  1  0  3  0  0  0  0  0  2 45  0  3  2  0  5  7  0 17  0  0  0  0  0  0  1 11  0  0  1  0  0 10  0  0  0  0  0  7  0 36  3  0  0  0  0  7  0  0  0 55 19  0  0  0  0  0  3  0  0  0  0  0  0  0 93  0  0  0  3 13 11  1  0  0  0  0  2  0  0  0  0  0  0  0  0 20  0 18  0  0  0 
 0 13 40  0  0  0  0  0  0  0  0  0  0  0  0  0  0 42  0  0  0  0  0  0  0  0  0  0  8 12  0  0  0 79 21  0 62  4  0  0  0  0  0  0  3 33 70 12  0  0  0  3  0 22  0  0  0  0  0  0  0  0  0  5  0  8  0  0  0  0  9  0  1  0  0  0  0 66  6  0  0 28 13  0  0  0 33  0  0  1  0  0  0 21  0  0  0  0  0  0 
 8  0  0  0 10  9  0  1 25 33  0  0 12  1  9  2  0  0  0  0  0  0  0 14  1  0 23  2  0 85  0  9  0  0  0  0  0 35  0 15  0  0  0  0  0  0  0  0  0  0 63  0  3  0  0  0  0  0  0  0  0  5  0  0  0  0  0  0  0  0  0  5  0  0  0  0  0  0  0  0  0 88  0  0  0  0  0  0  0  4  0  0  0 55  0  1  0  0  0  0 
 0  0 37  0 19  0  0  0  1 34  3  0  0  0  0  0  0  0  0 59  0  0  1  0  0 39 65 22  0  8 21  8 64  0  0  1  0  0  0  1  0  0 33  0  0  1  0  2  3  0  0  1  8 25 24  1  0  0  0 39  5  1  0  0  0  1  0 17  4  6  1  0  0  0  3 66  0  0  0  0  0  0  0  0  0  0  2  0  0  0  8  0  0  0 38  0  0  0  0  0 
 0  0 38 87  0  0  0  4  0 17  0  0  0  0  1  0  0 84  0  0  1  0  0  0  0 34  0  0  0  0  0  2  0  4  3  0  0  0  0  0 89  0  0  0  0  0  0 29  0  2  0  0  0  0  0  0  0  0  0  0  0  0  0 21  0  0  0  0 28 70  4  0  9 21 13  6  0  0  0  0  0 80  0  5  0  0  0  0  0  0  0 32  0 17  0  0 80 19  0  0 
 0  0 62  0  0  0  0  0  0  0  0  2  0  4  0  0  0  0  0  0  0  0  0  0 50  9  0  0  0 13  0  0  0  0  0  0  2  0  0  0  0  0  0 29  0  0  0  0  0  0 85  2  0  0  0  0  0  0  0  0  0  0  0 30  0  0  0  0  0  0  0 30  1  5 11  0  0  0  0  0  0  0  0  0  0 62  0  0  0  0  0  0  0  0  0  0  4  0  0 54 
 0  0  0  0  0  0 65 33  0  0  0  0  0  0  0  0 47 17  0 29  0 34  0  0 32  1  0  0  0  0  0  0  0  0  0  0  0 19  1  0  0  0  0 29  0  1  0  0  1  0  0  0  0  0  0  0  1  7  0  0  0  3  2  0  0  0  0  0 53  0  0  0 14  0  1  0  0  0  0  0  0  0  0  0  0  0  0  0  2 11  0  6  0 28  0  0  0  0  0  0 
 0  0  0 62 20  0  0  0  0  0  0  0  4  0  0  0  0  0  0  0  0  0  0  0  0  0 10  0  0  0  0  0  0  1  0  0  0  0  0  0  0  0  0  0  5  0  0  2  0  0  0  0  2  0  0 81  0  0  1  0  0 22  0  0  0  0  0  5  0  0  3  0  0  0  0 28 88  0 80  0  0  0  0  0  1 27  1 98  0  0  0  8 66 84  0  0  0  0  0  0 
 0  0  0  0  3  2  0  0 27  0  0  0  0  1  0  0  0  0  0  0 10  0  0  0  0  0  0  0  0  0  0 81  2 47  0  0  0  0  0  0 19  0  0  0  1  2  0  0  0  0  0  0  0  0  2  0  0  6  0  0  0  0  0  0  0  0  0  0  0 47  0  0  0  0  0 13  0  0  0  0  0  0  0  0 11  0  0  0  0  0 15  0  0  0  0  0  2  0 11  3 
 0  0  0 72  0  0  0  1 29  0  0  0  0  0 25  0  0  0  0  0  2  0  0  0  3  0  0  1  0  1  0  5 15  0  0  0  0  0  0  0  0  9 44  0  0  0 94  1  0  0  0  0  0 21  0  0 46  0  0 41  0  0  1  0  0  0  0  0  0  0  0  1  0  0  0  0  0  0  5  0  0  0  0  0  0  0  0  5  7  0  2  0  0  0  0  0  0  0  0  0 
 0  0  0 98  0  0  0  0  0  0  0  0  0  0  0  0  0  0  0  0  0  0  0  1  0  0  0  0  0  0  0 18 83 30  0  0 18  0  0  0  0  0  0  0  0  4  0  0  0  3  0  0  0  0  0 10  0  5  0  0  0  0  0  0  0  0  0  0  0  0  0  0 63  0  0  0  0  0  0  0  0  1 11  0  0  0 33  0  0  0  0  0  0  0  0  2  0  7  0  0 
 0 42  0  6  0 80  0  0  1 10 26  0  0  0  0  9  0 26  0  0  3  0 12  0  0  3  0 69  0  6  0  0 34  0  0  0  0  0  0  0  0  0  0  1  0  0  0  0  0  6 84  0  0  0 70 20  0  0  0  7  0  1  0  0  0  0  0  2  5  0  0  9  4  0  2  0  0  0  0 62  0 27  0  0  0  0  0  0  0  0  0  0  0  0  0  0 24  1 64  0 
 2  0  0  0  0  0  0  0  0  0  0  0  0  7  0 30  0  0  0  3  0  0  0  0  1 21  0  0  6  3  0  0  0  0  0  0  0  0  0  0  0  0  0  0  0  0 41  0  0  0  0  0  0 30  0  0  0 74  0  0  0 35  0  2  2  3  0  7  0  0  0 12  4  0  0 33  0  2  0  0  0  1  0  0 33  0  0  0  7  0  0  0  0  0  0  0  0  0  0  1 
 5  0 11  0  0  0  0  2  0  0  0  0  1  0  0  0  0 73  0  0 43 20  0  0 25  0  3  0  0  0  0  0  0  4  0  0  0  0  0  0  0  0  1 14 14  2  0 84  0  0  0  0  0 16  0  0  0  8  0 10  0  0  0  0  0  0  0  0  0  0 14  0  0  0  0  0  0  0  0  0  0 98  0  5  0  0  0  0  0  3 43  0  0  0  0  0 21  0 30  0 
 3  0  0  0  1  2  0 58  0  0  0  0  0  0  3  0  4  0 17  0  9 39  0  0  9  0  0  0 16  4  0  0 53  0  0  0  0  0  0  2  0  0  0  0  0  2  0  0  0 22  0  0  0  3  0  0  0  0  0 65  0  0  5  0 20 23  0  0  7 50  0  9  0  2  0  0  0  0  0  0  2  0  0  7  0  0  7  0  0 61  0  0  0  6  0  2  0 28  1  0 
 0  0  0  0 10  0 10 82  0  2  3  0  0  3  0  0  0  0  8  0  0  0  0 47  0  0  0  0 50  0  2  0 19 10  0  0  2  0  0 14  1  0  0  0 37  0 60 16  0  0  0  2  0  0  0  0  0  0  0  0  0  0  0  0  0 31 13  0  0 50  0  0  0  0  0  1  4  0  0  0 11  0  0  0  0  0  0  3 61  0  0  0  7  3  0  0  5 73  8  0 
84  3 32  0 48  0  0 40  0  2  0 66  0  1  0  0  0  0  0 25  0  0 92  0  0  0  0  0  0  0  0  0  0  0  1  0  0  0  0  1  0 62  0  1  0  0  0  0  0  1 93  6  0  1  0  0  0 10 14 81 15  0  2  0  4  0 44  0  0  0  0  0  0  1  0  0  0  8  0  0  0  0 15  2  0  0  0 43  0  0  0  0  1  0  0  0  0  0  0  0 
49  0  0  0  8  0  9  0  9  0  0 14  4  5  0  0  2  0  0  0  1 78  0  0  0  0 13 49  0  0  0  0  1  0 58  0  0  0  3  0  0  0  0  0  0  0  0  0 35  1 18  0  0  0  0  2 59  0  0  0  0 53 17  1  4  0  0  0  0  0  0  8  0  0  0  0  0  0 32  0  6  8  0  0  0  0  0  0  0  0  0  0 27  0 17  0  0  0 29  0 
 4  0 80  0  0  0  0  2  0  1  0  0  0  0  0  0  0  0  0  0  0  0 74  0  0 70  0  1  0  0  0  0  0  2  0 18  0  0  0  0  0 10 74  0  0  0  3  0 25 67  0  0  0  0 13  0  0  0  0  0  0  0  0 77  0  0  9  1  0  0  0  0  0 83  0  0  0  0  0  0  0 66  0  0  0  0  0  0  0  7  1 27  0  0 63 33  0  0  4  3 
 0  0  0  0 59  0 78 36  0  0  0  0  0  0 23  0  0  0  0 19  0  0  0  0  7 37  8  2  0  0  0 22 92  0 17  0  0 12  0  0  0  1  6 12 34  0  0  0  0  4  0  0  3  0  0  0  0  0  0  0  0  1  0 32 16  0  2 17  0  0  2  0 11  0  0 21 55  0 17  0 28 84  0  0  0  0  0  0  6  3  0  0  0  0  0  0 25  4 27  0 
 0  0  0  0  0  0  4  1 91  1  1  0  0  0  0 13  0  0  0  0  0  0  0  1  0  0 17  0  0 38  0  0 18  0  0  0  0  0  0  0  0  0  0 11  0  0  2 13  0  0  0  0  0  6 10  0  0  0  0  0  0  0 49  0  0  0 85 37  0  0  0  0 48  0 20  0  0 38  0  0  0  0  0  0  0  0  0  0  0  0  0 17 63  0  0  0  0  8  0  0 
 0 13  1  0  0  0 21 78  0  0  0  0  0  0  0  0  4  0  2 48  0  0  1  0 45 35  0  0  0 49  0  0  0  0  0  0  2  0  0  0  0 20  0 36  0  0  0  2  0  0 86 41  2  0  0  0  0  0  0  0  1  0  0  0  2  0  0 17  0  0  0  0  0  0  0  0  1  0  0  0  0  0  0  0  2  0  0  0  2  0  0  0 33  0  0  0  0  0 51  0 
 0 21  0  0  0  0  0  0  0  0  0  0  0 23  0  0  0  0  0  0  1  0 32  0  0  0  0  0  0 16  0  0  3 34 11 55 37  0  2  0  0  4  1  0  0  0  1 26  0  0  0  0 35  0  1  0  0  0  3  0  0  0  0  0  0  0  2  0  0  0  0  4  1 51 18  0  0  0 80  4  0  0  2  0  0 24  0 21  0  5  0  0  0 25  0  0  0  0  0 24 
26  0  0  1  0  0  0  0  0  0  0  3  0  0  0  0 99 65 38  0  0  0  5  0  0  0  0  0  2 27  0  0  2  0 40  2  0  0  0  0  0  0 49  0  0  0  1 36 25 15  3  3  0  0  0  0  0  0  0  0  0  2  7  0  0 11  0  0  0  6  0 25 22  0  0  0  0  0 19  0  0  0  0  0  7  1  0  0 28 73  0  0  0  4  8  0  0  0  0  0 
 0 22  0 73  0  0  0 13  0  0  0 17  4  0  0  0  0  0  0  4  1  1 68 39  1  0  0  6 26  0  0  1  0  0  0 24  0  0 37  5  0  0  0  0 34  0 19  0  6 16  0  0  0  0  0  0  0  0  4  0  0  7  0  0  0  0  0  2  0  0 49  4  0  0  0  0  0  0  0  0  0  0 11  0  0 64  0 30  1  8  0 29  4 27  0 51  0  0  0  0 
 0  0  0  2  0  0  0  0  0  0  0  0  0  0  0  0 62  0  0  1 42  0  1  0  0  0 85  0  0  0  0  0  4  0  0  0  0  0  0  0 13  0  0  0  0  0 37  0  0 50  1 24  0  0 11  0  0  0  1  0  0  0  0  0  0  1  0  0  0  2  0  0  0  0  0  0  0  0  0 54  0  0  3  0  0  0  1  0  0  0  0  0  3  0  0  0 24  0  0  0 
