facilities = 100 objectives = 2 max_distances = 70 max flows = 50 correlation = 0.100000 seed = 36
100
 0 55  6 38 32 30 17 32 30 44  5  4 70 39 35 65 69  7 30 38 32 28 31 60 59 43  1 31  1 23  8 18 41 20 23 23 58 13 32 34 27 57 66 52 28 65 22 17  8 46 19 27 27 30 19  3 61 58 39 22 50 29 47 18 31 32 70 43 65 69 15  1 66  8 39  5 48 12 41  7 20 39 23 23 61 43 41 27 69  3 34 43 45 41 47 39 24 50 31 31 
55  0 31 34  5  1 27 34  4 25 56 24 44 55  3 65 23 34 16  6 44 29 27  2 34 45 21 29 34 70 39 68 32 64  1 56 50 69 17 59 57 60 68 60 53 41 20 14 43 30 12 13 64 54 42 53 25 34 23 34 46 70 41 32 59 53 33 60 11 19 65 13 19 16 53 37 32 59 50 14 16 38 48 54 61 13 25 50 58 53 22 62 10 48 48 55 46 13 16 32 
 6 31  0 65 46 37 53 63 10 10 61 17 53 70 41 38  6  7 13  4 22 35 47 60 63 30 12 34 18 24 13 12 40 12  6 35  3 66 39 18 49 68 66 27 29 64 37 39 24 11 62  9 39 18 21 61 43 51 18 53 41 33  1 28  7 69 53  2  6 23 48 20 40 66 59 17  3 14 37 24 39 41 31 51 19 51  3 68  3 17 66 48  2 54 54 48 18 49 39 26 
38 34 65  0  8 59 38  5 44 57 31 36 27 63 58 50 33 61 66  4 47  4 57 61 58 32  6 17 28 29 37 50 22 45 14 13 12 44 59 20 56  5 58  1 28 28 25 18 54 58  9 13  6 34 58 45 41 18 14 66 47 10 70 49 14 57 11 33 20 56 62 24  5 51 18  9 69  6 16 55 58  7 47 42 25  8  1 18 20 41 66 50 69 58  1  2  6 14 36 29 
32  5 46  8  0 59 14 52 23 34 29 38 60 67 21 30 61 19 26 47 42 38 37 30 15 31  6 54 39 52 15 28 60 39  1 15 30 38 63 26 56 68 22 62 21 68 29  4 39 47 36 65 34 68  8 40  8 67 50 53 30 61 36 26 57 69 66 48 11  6 44 15 29 30 61 66 10 18 30 29 36  9 35 39 30 37 50 15 25 48 48 59 47 37 23  4 66 11 46 32 
30  1 37 59 59  0 49  5 52 54 18 44 33 41  9  4 15 40 31 42  8  8 28 10 67 67  8 11 52 51 20 36 20 47 70 16 54 11 48 32 35 22 54 32 10 32 25 25 32 17 39 57 32 47 56 53 69 69 42 22 60 41 39 13 10 54 63 34 65 69 47 21 39  9 37 67  7 13 54 15 23 61  8  8 55  1 25 49 35 52 54 55 24 56 37 47 37 54 33 41 
17 27 53 38 14 49  0 65 18 53  2 22 21 41 20  5 39 29 58 35  4 64 55 14 23 23 44 10 63 43 41 61 30 39 51 30 41 18 14 62 49 32 15 37 25 26 22 55  2 39 30 36 31 16 57 13 10 50  7 31 65 34 67  6 52  1 11 55 13 68 59 57 52  5 68  9 25 29 11  2 22 70 40 20 47  9 31  9 58  2 68 19 53 20 35 59 14 64 14 14 
32 34 63  5 52  5 65  0 14 60 59 32 15 63 14 56  3 19 63 11 15 59 26 22 27 29 10  1 21 41 30 14 69 43 31  1 15 42 44 24  1 39 39 50 46 41 45 56 49 68 24 28 36 61 67 57  3 20  7  2 28 16 60 57 13 61 19 13 51 10 69 56 67 39 24 65 53 55 35 60 43 17 24 27 29 53 13 13 59  3 55 70  9 28 42 46 10 37 26 44 
30  4 10 44 23 52 18 14  0 67 68 70 33 14 32 67 13 63 68 16  5 13 26 42 19  5 50 42 39 61 21 51  4 52 46 47 34 23 45 57  2 12 44 21  2  1 36 65 64 32 12 47 60 12 14 13 45 31 18 12 52  8 43  8 43 41 43 35 36  7  7 47 16 18 24  6 44 51 12 45  2  9 32 64 12  5 57 50 28 68 10 27 68 33 35 17 62  5  2 67 
44 25 10 57 34 54 53 60 67  0 64 40 66  6 58 16 52  3  2 36  5 14 11  6 12 20 13 32 21  1 62  3 57 69 40 70 27 54 66 56 48 54 35 30 57 21 38 49 46 38 16 56 38 41 60 15 64 32 22 18 46 49 27  7 25  8 60  9 42 15 39 17 61 35 27 63 56 17 26 16 55 28 55 31 23 33 11 14 28 15 17 29 23 55 54 60 26 37 58 13 
 5 56 61 31 29 18  2 59 68 64  0 58 16 52  5 43 11 42 18 20  8 28  9 53 70 31 23 38  9 26 24  7 44 70 48 23 21 58 37 65 19 30 50 70 67 11  4 16 22 66 34  8 58 32 69 68 52 32 15 49  6 31 64  8 68  2 43  8 33 18 21 10 58 20 37 46 30 56 61  6 56 52 53 66  8  8 20 24 31 14 21 29 11 25 64 30 25 59 27 63 
 4 24 17 36 38 44 22 32 70 40 58  0  5 19  6 16 42 53 16 47 49 64 67 40 48 16 37 17 38 70 41 66 40 25 24  2 32 29  3 67 46 12 55 53  1 32  4 18 38 25 62 52 59 62 15  7 54 16  5 59 66  1 19 31 56 26 54  7 70 46  1 22  8 39 70 59 47 32 56  3 46 43 43 58 45  9  7 31 68  6 44 55 10 62 61 55  9  6 26 66 
70 44 53 27 60 33 21 15 33 66 16  5  0 31 41 63 32 27 56 46 26 32 60 29 33 45 42 62  8 10 10 45 44 67 35  8 44 36 54  6 31 46 19 48 69 61 56 25 23 40  6 65  1 40  3 19 56 28 63  3 56 29 16 55 60 67 37 66 12 15  4 63 12 38 70 29 53 40 52 68 34 27  5 21  2 25 56 14 29 60 62 54 29 34 49 53 56 26 70 70 
39 55 70 63 67 41 41 63 14  6 52 19 31  0  5 62  8  8 13  3 70 39 45 63  1 25 20 55 58 10  3 28 38 48 55 24 65 11 63 35  5 60 61 27  2 23 10 60  7 30 35 43 28 17 21 52 38 49 34 68 41 14 56 44 23 24 49 56 22 15 36 66 23 10 12 19 60 19 13 47 60 48 27 37  4 61 55 25  2 39 70  4  1 58 64  8 62 48 43 25 
35  3 41 58 21  9 20 14 32 58  5  6 41  5  0 13 61 47 19 44 67 55 30 39 63 58 19 38 29 36 40 36  6 48 51  5 57  1 41 27 36 17 17  3 10 10 54 31 22 55 29 49 10 64 19 32 40  4 15 54 60 18 68 16 10 61 37 20 40 67 69 67 18 15 37 18 59 44  6  4 19 68 31 67 19  4 28 49 59 17 58 68 49 29 25 47 19 24 45 18 
65 65 38 50 30  4  5 56 67 16 43 16 63 62 13  0 37 34 41 32 20 14  3 13 10  8  4  4 31 69 62 69 48 62 59  5 55 11 14 62 35 48 25 17 21 49 44 59 58 40  5 53 68 69 63  7  6 63 37 36 53 52  2 43 60 13 44 11 57  2 38  3 18 36  3 42  7 14 21 58  9  1 26 26 27  9 10 61 19 54 22 13 50 12 26 19 31 41 36 12 
69 23  6 33 61 15 39  3 13 52 11 42 32  8 61 37  0 43 39 24 14 38 51 45  7 47 47 32 58 36 25 43 49  6 22 24 60  9 70 64 36 70 49 55 16 30 40  9 59 52 20  2 60 62 36 55 68  1 22  3 54 35 36 66 24 68 64 21 10  2 25 24 47 62  1 35  5 66 42 60 55  4 27 39  4  3 69 58 54 26 35 63 49 24 21 47 28 68 36 12 
 7 34  7 61 19 40 29 19 63  3 42 53 27  8 47 34 43  0 43 20 47 16 22 29 41  1 40 61 42 26 50 56 62 28 12 62 50 29 35 38  3 59 32 37  1 46 68 59 11 43 20 18  4 13 43 69 36 39 51 42 33  4  8 37 47 56 44 11 52 46 51 35 46 35 49 22 53 29 36 29  8 29 45 16 45 19 46 37 23 15 66 14  2 40 62 36 42 50 44  2 
30 16 13 66 26 31 58 63 68  2 18 16 56 13 19 41 39 43  0 52 38 17 37  1  5 28 39  9 43  5 16 37 68 27 13 70 20  3 41 12 41 47 62 33  9 43 36 32 61 26  5 64 29 33 66 66 34 32  1 50 65 28 23 10 47 42 38 53  4 18 48 65 44 67 66 50 40 19 51 43 31  7 26 13 41 20 53  3 15 69 29  8 32 15 24  1 41 17 12 39 
38  6  4  4 47 42 35 11 16 36 20 47 46  3 44 32 24 20 52  0 23 60 28 11 62 10 23 51 68 63 55 40 23 34 64 69 28 52 57 29 45 35  5 13  8  2 52 28 13 56 64  7 27 18 24 38 40  5 53 16 52  6 45 55 39 42 53  2 13 50 23 57 26 33 31 36  6 12 37 10 54  4 69  5 14 40 70 37 15 52 12 11 60 45 38 35 30 59 47 26 
32 44 22 47 42  8  4 15  5  5  8 49 26 70 67 20 14 47 38 23  0  1 67 29 25 17 45 26  4 39 46  7 43 56 31  4 42 14 27 45  8 57 67 39 65 41 69 17 41 70 16 15 27 15 37 70 59 20 16 25 39  4 26 60 22  6 25 65 42 67 20 22 32  1 53 49 35 26 54 26  8 64 20 63 25 17 27  9 57 21 68 28 50  6 28 35 41 15 55 52 
28 29 35  4 38  8 64 59 13 14 28 64 32 39 55 14 38 16 17 60  1  0 50 16 70 44 33 24 51 37 12 26 26 28 64 63 12 21 34 35 45 47 29 13 52 23  7 30 46 30 33 69 30 39 44 52 29 42 12 54 15 13 64  9 70 27 52 22 12  4 29  5 11 50 57 13 25 47  7 18 31 54 12  3 36 63 47 58 17 13 15 47 48 59 20 48 69 46 21 49 
31 27 47 57 37 28 55 26 26 11  9 67 60 45 30  3 51 22 37 28 67 50  0  4 63 62  6 43 37 68 11  5 56  5 45 42 11 53 47 66 28 29 36 65 39  3 10 66 32 27 17  3  3 23 36 62 67 52 39  6 38  5 63 10 13 15 16 62 29 21 56 38 44 55 55 49  8 24 23 24 68 60 59 26 44 28 16 55 70 31 22 44 40 55 50 35  7 63 18 49 
60  2 60 61 30 10 14 22 42  6 53 40 29 63 39 13 45 29  1 11 29 16  4  0 28 59 14 59 57 59 50 10 39 54 14 30 36 70 64 14 36 41 52 45 56 70 58 24 27  7 23  9  4 40 58 54 48 28 39 45 52 11  2 45 45 57 60  4 66  1 40 13 65 67 45 41 24 19 37  3 42 35  8 49 70  6  7 55 59 70  2 27 30 63 44  3 31 40 13 41 
59 34 63 58 15 67 23 27 19 12 70 48 33  1 63 10  7 41  5 62 25 70 63 28  0 35 53 64 56 34 59 66 45 21 47 50 56 13 29 15 47 44 67 12 45 29 65 40 17 68 68 30 56 60 54 49 20 68  9 61  7 24  7 13 55 31 51 57 55 24 40 46 12 37 34 67 49 19 44  2 32 44 51 23 20 28 16 55 26 32 39 49 68 62  4 16  5 64 44 41 
43 45 30 32 31 67 23 29  5 20 31 16 45 25 58  8 47  1 28 10 17 44 62 59 35  0 17 52 67  9 58 65 22 36 70 41 12 56 32 56 23 65 11 17 38 52 23  1 21 16 54 34 57 25 21 60 68 19 26 52 37  3 53 40  6 58 60 31  6 12 21 19 18  6 43 69 32 49 60 66 62 26 18 41 52 65 10  2 13 40 20 33 62 20  6  2 70  8 42 40 
 1 21 12  6  6  8 44 10 50 13 23 37 42 20 19  4 47 40 39 23 45 33  6 14 53 17  0 41 43 20 52 55 51 29 50 44 22 59 32 39 49 60 59 35  2 66 46 40  1 45 15 56 33 69 44 44 35 22 68 34 58 35 12 37  7 45 16 15  4 42 24 51 38 40  1 29 58 51 61 23  1 70 38 23 39 69 58 45 54 17 18 41 62 40 42 57 52 52 68 10 
31 29 34 17 54 11 10  1 42 32 38 17 62 55 38  4 32 61  9 51 26 24 43 59 64 52 41  0 19 35 70 56 57  8 18 14 41 17 69 20 20 69 31 59 56 17  5 24 31 64 39 43 14 23 19  9 65 50 14 28 55 11 14 31 16 15 25 21 58 48 55 51 44 36  2  6 69 12  8 13 63 33 40 52 56  5 21 54  1 26 41 10 56 40 32 23 39 42 35 44 
 1 34 18 28 39 52 63 21 39 21  9 38  8 58 29 31 58 42 43 68  4 51 37 57 56 67 43 19  0  9 53  5 19 36 13 20 14 40  9 39 48  4 54 40 28 48 35 65 42 31 13 52 60 10 51 25 46 57 62 47 57  5 46 49 13 60 25  9 63 16 21  7 42 53  3 55  1 36 16 13 41 51 44 12 48 30 38 66 10 34 35 34 42 64 28 39 49 30 11 69 
23 70 24 29 52 51 43 41 61  1 26 70 10 10 36 69 36 26  5 63 39 37 68 59 34  9 20 35  9  0 51 66 69  6 25  7 58 53 11 56  2 55 58 40 66 59 62 13 59  9 46 10 49 49 68  3 51 68 25 59 65 20  9  3  7 24  4 42 15 61 13 33 10 15  8 70 23 51 50 16  1 31 50 38 49 63 31 59 18 59  8 49 26 30 21 42 18 67 45 29 
 8 39 13 37 15 20 41 30 21 62 24 41 10  3 40 62 25 50 16 55 46 12 11 50 59 58 52 70 53 51  0  2 29 50 25  2 68 50 17 34 67 45  5  5 31 19 34 60 59 52 44 22 67  2 28 64  8 37 17 43 11 17 24 30 59 13  9 68 42 32 24 63  4 63  2 10 25 16 66  2  3 24 23 37 16  1 54 53 34 63  9  9 54  8  7 56 23 39 51 60 
18 68 12 50 28 36 61 14 51  3  7 66 45 28 36 69 43 56 37 40  7 26  5 10 66 65 55 56  5 66  2  0  8 47 21 16 48 41 70 63 61 45 64 49 62 21  8 15 51 35 60  8 27 41 44 45 51 10 36 35 22 22 48 36 55 59 43 42 54 35 61 29 27 19  1 41 61 56 22 44 20 59 46 51  7 22 39 21 63 41 26  3 32 62 10 28 63 30 33 10 
41 32 40 22 60 20 30 69  4 57 44 40 44 38  6 48 49 62 68 23 43 26 56 39 45 22 51 57 19 69 29  8  0 23 20 11 22 35 29 37 31 64  3 54 59 43 39 37 16 14 29 33 50 57 15 31 26 26 65 67 65  9 14 40 24 56 44 19 43  3  5 32 18 59  6 25  6  9  5 64 58 25  9  2 42 20 48 68  9 53 69 11  9 13 26  3 58 52  6 43 
20 64 12 45 39 47 39 43 52 69 70 25 67 48 48 62  6 28 27 34 56 28  5 54 21 36 29  8 36  6 50 47 23  0 56 11 33 61 66 32  3 33 35  7 24 64 35 52 20 26  2 45 40 69 41 32 40 54 23 40 69 11  6 14 58 10  5 46 31 39  7 60 30 21 20 51 65 67 58  6  7 16 30 27 42 17 49 59 17 43 25 20 56 14 30 65 62 38 22 61 
23  1  6 14  1 70 51 31 46 40 48 24 35 55 51 59 22 12 13 64 31 64 45 14 47 70 50 18 13 25 25 21 20 56  0 61 51 57  2 38 37 21 61 48  2 21 37 65 23 65 37 52 67 54 52 12 38 58 55 31  5 42 48 67 60 30 23 51 62 68 22 28 22 49  1  8 18 55 66  4 50 51 22 57  4 17 49 61 67  8 42 55  5 16 38  6 33 48  1 14 
23 56 35 13 15 16 30  1 47 70 23  2  8 24  5  5 24 62 70 69  4 63 42 30 50 41 44 14 20  7  2 16 11 11 61  0 17 12 64 46  4 35 10 40 49 32 16 36 23 21 64 14 15 68 35  6 54 57 69 29 21 52 50 70 38 55 21 13 54  7  2 50 65 54 10 37 21  5 36 16 70 10 58 53  6 36 36 48 17 39 51 24 48 12 23 54  7 12 43 66 
58 50  3 12 30 54 41 15 34 27 21 32 44 65 57 55 60 50 20 28 42 12 11 36 56 12 22 41 14 58 68 48 22 33 51 17  0 60 34 33 33 62 47 26 29  3 59 11 15 38 67 56  6 45 61 58 63 67 49 27 46 12 16 70 40 70 67  1 39 64 58 17 42 53 25 50 69 64 26 29 30 21 27 28 17 38 17 25 57 60 56 18 69 24 61 30 21 38  4 17 
13 69 66 44 38 11 18 42 23 54 58 29 36 11  1 11  9 29  3 52 14 21 53 70 13 56 59 17 40 53 50 41 35 61 57 12 60  0 21 69 52 38 39  2 31 42 11 43 26 41 26 66 22 47 10 69 60  5 39 42 56 47 47 36 22 61 25 28  8 23  9 12 43 12  9 61  7 31 23 14 11 14 57 57  5 38  4 57 49  5  9  3 38  4 45 19 24 52 55  1 
32 17 39 59 63 48 14 44 45 66 37  3 54 63 41 14 70 35 41 57 27 34 47 64 29 32 32 69  9 11 17 70 29 66  2 64 34 21  0 48 52 35 67 60 36 33 61 54 14 68 67  3 41 55 63 28 19  9  3 54  6 28  4 48 49 49 33 60  9  9 65 38 12 31 14 44 49 35 68 59 51 41 38  3 21 42 16  4 12  2 28 29  8 43 37 69 53 59 57 56 
34 59 18 20 26 32 62 24 57 56 65 67  6 35 27 62 64 38 12 29 45 35 66 14 15 56 39 20 39 56 34 63 37 32 38 46 33 69 48  0 53 48 23 22 43 33 26 55 20 22 62 32 34 66 34 59 26 16  8 47 48 33 31 63 30 11 60 67 55  8 20 16 58 33  7 54 70 53 38 10 20 59 23  3 51 35 17 26 25 45 67 65 17  6 18 22 18 26 70 28 
27 57 49 56 56 35 49  1  2 48 19 46 31  5 36 35 36  3 41 45  8 45 28 36 47 23 49 20 48  2 67 61 31  3 37  4 33 52 52 53  0 65 34 34 21 29 37 49 30 40 67 13 44 45  6 39 42 13 68 14 31  1 36  2 57 54 40 29  8 52 27 13 53 49 52 17 65 43 30 39 53 32 13 64  6 41 39 70 50 63 20 11 55 25 66 51 64 20 51 58 
57 60 68  5 68 22 32 39 12 54 30 12 46 60 17 48 70 59 47 35 57 47 29 41 44 65 60 69  4 55 45 45 64 33 21 35 62 38 35 48 65  0 19  5  8 35 24 52 29 20 66  1 24  5 67 20 13 43 68 37 22 24 66 61 56 36 51 20 48 40 57 64 63 18 21  3 59 10 27 63 38  3 14 62 66 51 34 50 49 39 62 55 23 27 31 48 61 60 50 42 
66 68 66 58 22 54 15 39 44 35 50 55 19 61 17 25 49 32 62  5 67 29 36 52 67 11 59 31 54 58  5 64  3 35 61 10 47 39 67 23 34 19  0 36 24 63 65  7 26 58 37 44 36 17 60 27 11 22  6 49 43 56 11  7 36  1 52 25 48 63 37 31 51 47 45  5  9  2 39  3  3 15 37 56 65  3 22 11 54 46 53 35  9  2 33 56 66 23 18 35 
52 60 27  1 62 32 37 50 21 30 70 53 48 27  3 17 55 37 33 13 39 13 65 45 12 17 35 59 40 40  5 49 54  7 48 40 26  2 60 22 34  5 36  0 56 22 69 37 45 42 39 26 38 48 59 48 65 60 70 47 59 41 54 17 63 37 56 27 46  6 53 17  1 24 34 47 32 69 30 17  6 23 28 64 58 21 50 50 69 35 19 64  7 42  7 68 23 12 40 30 
28 53 29 28 21 10 25 46  2 57 67  1 69  2 10 21 16  1  9  8 65 52 39 56 45 38  2 56 28 66 31 62 59 24  2 49 29 31 36 43 21  8 24 56  0 27 55 66 47 66 63 46 25 32 58  9 17 46 48 18 65 51 14 51 68 23 34 32 13  8 35 39 13 44 29 54 20 22 19 57 55 58 56  4 67 25 48 17  1  3 24 12 14 57 46 33 10 32 51 50 
65 41 64 28 68 32 26 41  1 21 11 32 61 23 10 49 30 46 43  2 41 23  3 70 29 52 66 17 48 59 19 21 43 64 21 32  3 42 33 33 29 35 63 22 27  0 12 14 66 36 51  1 31 61 50 48  9  7  9 68 36 30 33 55 56 20 37 48 22 30 23 39 68 14 64 55 26 25 19 14 47 28 38 59 17  4 20  1  4  5 27 42 24 39 36 56 20 25 67 48 
22 20 37 25 29 25 22 45 36 38  4  4 56 10 54 44 40 68 36 52 69  7 10 58 65 23 46  5 35 62 34  8 39 35 37 16 59 11 61 26 37 24 65 69 55 12  0 39 13 61 54 11 61 16 45 32 21 30 16 67 60 42 14 10 33  3 25 24 25 56 60 63 24 11  6 52 64 32 44 60 22 67 37  5 64  4 63  1 14 55 14 69 51 49 48 42 22 45 49 69 
17 14 39 18  4 25 55 56 65 49 16 18 25 60 31 59  9 59 32 28 17 30 66 24 40  1 40 24 65 13 60 15 37 52 65 36 11 43 54 55 49 52  7 37 66 14 39  0  3 23  6 17 31 36 54 64 55  8 10 69 28 36 25 65 45 64 26 56  4  1 18  7 36 65 35 50 26 61 15 63 45 54 21 67 35 25 62 49 45 41 15 16  2 30 19 48 61 68 62 41 
 8 43 24 54 39 32  2 49 64 46 22 38 23  7 22 58 59 11 61 13 41 46 32 27 17 21  1 31 42 59 59 51 16 20 23 23 15 26 14 20 30 29 26 45 47 66 13  3  0 58 33 18 22 24 43 43 50 36 58 14 40  2 34 27 21  8 43 52  6 40 59 17 19 54 38 32 49 36 45  3 47 55 21 24 24 28 64 68 40 56 66 35 68  1 24 68 60 29 67  9 
46 30 11 58 47 17 39 68 32 38 66 25 40 30 55 40 52 43 26 56 70 30 27  7 68 16 45 64 31  9 52 35 14 26 65 21 38 41 68 22 40 20 58 42 66 36 61 23 58  0 11 44 70  5 10 26  5  9 52 22 39 30 39 70 30 50 11 44  1 35 49 63 36  4 10 24 32 55 20 70 55 48 60 40 63 14 27 65  2 17 15 42  4 36 25 58 20 10 53 62 
19 12 62  9 36 39 30 24 12 16 34 62  6 35 29  5 20 20  5 64 16 33 17 23 68 54 15 39 13 46 44 60 29  2 37 64 67 26 67 62 67 66 37 39 63 51 54  6 33 11  0 15  8 59 10  3 11 19 54 39 42 52  3 60  2 55 15 38 12  8 49 10  8 19 19 40 48 42 59 68 49 20 40 35 35  7 20 39 10 49 40 41  7 53  2 42 68 69 54 54 
27 13  9 13 65 57 36 28 47 56  8 52 65 43 49 53  2 18 64  7 15 69  3  9 30 34 56 43 52 10 22  8 33 45 52 14 56 66  3 32 13  1 44 26 46  1 11 17 18 44 15  0  3 57 12 46 32 42 63 41 25 15  4 45 32 59 32 47 39 36 49 62 12 55 57 65 44 42 41 12 19 64  3 49 68 64 56 10 42 54  1 36 10 50 25 60 33 42 10 18 
27 64 39  6 34 32 31 36 60 38 58 59  1 28 10 68 60  4 29 27 27 30  3  4 56 57 33 14 60 49 67 27 50 40 67 15  6 22 41 34 44 24 36 38 25 31 61 31 22 70  8  3  0 45 37 30  9  7 65 16 49 68 60 39 63 52 59 64  1 60 40 43  9 31 21 59 12 58 42 31 42 10 51 44 44 14  1  8 33 70 35 65 13  2 63 52 40 44 57 23 
30 54 18 34 68 47 16 61 12 41 32 62 40 17 64 69 62 13 33 18 15 39 23 40 60 25 69 23 10 49  2 41 57 69 54 68 45 47 55 66 45  5 17 48 32 61 16 36 24  5 59 57 45  0 12 66 40 42 30 54 48 48 10 68  2 56 21 22 24 22 58  9 18  8  4 24 33 38  6 34 37 15  4 34 30  6 64 69  8 65 46 43 10 31 70 23  9 65 46  6 
19 42 21 58  8 56 57 67 14 60 69 15  3 21 19 63 36 43 66 24 37 44 36 58 54 21 44 19 51 68 28 44 15 41 52 35 61 10 63 34  6 67 60 59 58 50 45 54 43 10 10 12 37 12  0 24 52 12 67 48 49 51 14 50 59 16 61 53 29 58 25 21 21  7  1 48  2 23 39 15 36 20  9 17  6 70  9  8  2  8  3 64 66 15 58  9 65 45 47 55 
 3 53 61 45 40 53 13 57 13 15 68  7 19 52 32  7 55 69 66 38 70 52 62 54 49 60 44  9 25  3 64 45 31 32 12  6 58 69 28 59 39 20 27 48  9 48 32 64 43 26  3 46 30 66 24  0 60 53 17 53 27 46 27 54 68 64  5 15 19 43 30 18 20 18 68 52 33 27 35 65 46 56 36  3 32 27 49  9 22 45 63 49  8  4  5 60 51 41 43 27 
61 25 43 41  8 69 10  3 45 64 52 54 56 38 40  6 68 36 34 40 59 29 67 48 20 68 35 65 46 51  8 51 26 40 38 54 63 60 19 26 42 13 11 65 17  9 21 55 50  5 11 32  9 40 52 60  0 49 10 32  2 69 16 49 59 56 45 63 21 53 34  4 31 40  9 62 45  8 51 36 65 14 19  9 35 40 40 30 31 53 52 21  4 16 16 66 31 66 70 24 
58 34 51 18 67 69 50 20 31 32 32 16 28 49  4 63  1 39 32  5 20 42 52 28 68 19 22 50 57 68 37 10 26 54 58 57 67  5  9 16 13 43 22 60 46  7 30  8 36  9 19 42  7 42 12 53 49  0 38 12 28 16  3 31 66 24 21 19 17 58 51 17 11 59 68 14  7  5 56 67  1 26 26 57 51  8  4 28 43  6 12  8  5 38 52 23 45 40  1 54 
39 23 18 14 50 42  7  7 18 22 15  5 63 34 15 37 22 51  1 53 16 12 39 39  9 26 68 14 62 25 17 36 65 23 55 69 49 39  3  8 68 68  6 70 48  9 16 10 58 52 54 63 65 30 67 17 10 38  0 10 53 22 57 20  9 40  3 11 53  5 21 14 24 59 63 21 31 48 39 66 58 59 23  1 12 44 69 69  2 57  1 54 69 55 68 69 20 28 61 10 
22 34 53 66 53 22 31  2 12 18 49 59  3 68 54 36  3 42 50 16 25 54  6 45 61 52 34 28 47 59 43 35 67 40 31 29 27 42 54 47 14 37 49 47 18 68 67 69 14 22 39 41 16 54 48 53 32 12 10  0 45 45 52  2 60 43 62 20 34 47 49 67 10 11 31 39 29 14 23 46 60 58 43 59 12 52 66 28 70 55 65 20 55 66 59 22 54 10 32 44 
50 46 41 47 30 60 65 28 52 46  6 66 56 41 60 53 54 33 65 52 39 15 38 52  7 37 58 55 57 65 11 22 65 69  5 21 46 56  6 48 31 22 43 59 65 36 60 28 40 39 42 25 49 48 49 27  2 28 53 45  0 37 45  9 51 63 68 22  6 64 11 60 43 28 69  3 28 58 15  2 56 29  7 43 63 40 38 38 22 18 46 21 13 12 57 62 42 12 64 10 
29 70 33 10 61 41 34 16  8 49 31  1 29 14 18 52 35  4 28  6  4 13  5 11 24  3 35 11  5 20 17 22  9 11 42 52 12 47 28 33  1 24 56 41 51 30 42 36  2 30 52 15 68 48 51 46 69 16 22 45 37  0 34 35 14 62 47 32 67 36 27 33 56 45 61 39 42 43 32 64 36 19 62 35 26  7 12 12 31 58 70 40 12 61 69 66  1  3  5 28 
47 41  1 70 36 39 67 60 43 27 64 19 16 56 68  2 36  8 23 45 26 64 63  2  7 53 12 14 46  9 24 48 14  6 48 50 16 47  4 31 36 66 11 54 14 33 14 25 34 39  3  4 60 10 14 27 16  3 57 52 45 34  0 51 54 42 43 55 47 30 32 35 43 52  4  9 63 57 59 12 57 37 12 12 37 26 31 61 35 39 12 28 49 43 50  9 18 67 53 38 
18 32 28 49 26 13  6 57  8  7  8 31 55 44 16 43 66 37 10 55 60  9 10 45 13 40 37 31 49  3 30 36 40 14 67 70 70 36 48 63  2 61  7 17 51 55 10 65 27 70 60 45 39 68 50 54 49 31 20  2  9 35 51  0 43  9  9 51 25 36 29 22 52 38 59 61 67  5 64 10 32 44 12 64 49 18 54 49  1 44 12 57 68 10 47 40 17 60 27 26 
31 59  7 14 57 10 52 13 43 25 68 56 60 23 10 60 24 47 47 39 22 70 13 45 55  6  7 16 13  7 59 55 24 58 60 38 40 22 49 30 57 56 36 63 68 56 33 45 21 30  2 32 63  2 59 68 59 66  9 60 51 14 54 43  0 34  5 69 40 51 65 23 62 63 15 53 55 70 38  9 10  3 14 35 70 46 35 69 40 22 41 52 39 56 42 63 40  6  5 63 
32 53 69 57 69 54  1 61 41  8  2 26 67 24 61 13 68 56 42 42  6 27 15 57 31 58 45 15 60 24 13 59 56 10 30 55 70 61 49 11 54 36  1 37 23 20  3 64  8 50 55 59 52 56 16 64 56 24 40 43 63 62 42  9 34  0 64 17 53 30 58  8 21 22 27 33  2 10 58 56 57 36 37 58 53 20 26 30 44 28 22 69 35 12 53 15 42 18  4 23 
70 33 53 11 66 63 11 19 43 60 43 54 37 49 37 44 64 44 38 53 25 52 16 60 51 60 16 25 25  4  9 43 44  5 23 21 67 25 33 60 40 51 52 56 34 37 25 26 43 11 15 32 59 21 61  5 45 21  3 62 68 47 43  9  5 64  0 64 46 40 36 13 36 65 37 70 45 45 57 33 57 24 48 68 18 39  1 52 64 18 52 22 46 57 47 15  6 46 24 63 
43 60  2 33 48 34 55 13 35  9  8  7 66 56 20 11 21 11 53  2 65 22 62  4 57 31 15 21  9 42 68 42 19 46 51 13  1 28 60 67 29 20 25 27 32 48 24 56 52 44 38 47 64 22 53 15 63 19 11 20 22 32 55 51 69 17 64  0 44 31 59 45 45 31 49 33  5 20 35 41 48 55 21 67 53 43 51  7 11 70 63  7  5 36 10 40  3 35 35 33 
65 11  6 20 11 65 13 51 36 42 33 70 12 22 40 57 10 52  4 13 42 12 29 66 55  6  4 58 63 15 42 54 43 31 62 54 39  8  9 55  8 48 48 46 13 22 25  4  6  1 12 39  1 24 29 19 21 17 53 34  6 67 47 25 40 53 46 44  0 19 30 42 55 26 67 58 10 39 32 67 37 48 15 21 57 48 25 46 50 11 56  7 62 60 38 37 42 42 67 42 
69 19 23 56  6 69 68 10  7 15 18 46 15 15 67  2  2 46 18 50 67  4 21  1 24 12 42 48 16 61 32 35  3 39 68  7 64 23  9  8 52 40 63  6  8 30 56  1 40 35  8 36 60 22 58 43 53 58  5 47 64 36 30 36 51 30 40 31 19  0 67 52 29 14  4 32  4 47 28 53 70 14 24 67 49  3 60 52 25 10 16 69 27 19 70 37 19 23 58  3 
15 65 48 62 44 47 59 69  7 39 21  1  4 36 69 38 25 51 48 23 20 29 56 40 40 21 24 55 21 13 24 61  5  7 22  2 58  9 65 20 27 57 37 53 35 23 60 18 59 49 49 49 40 58 25 30 34 51 21 49 11 27 32 29 65 58 36 59 30 67  0 66  8  4 29 29  6  8 28 58 23 15  2 59 49 35 66 10 12 39 67 25 44 11 60 63 49 36 42  3 
 1 13 20 24 15 21 57 56 47 17 10 22 63 66 67  3 24 35 65 57 22  5 38 13 46 19 51 51  7 33 63 29 32 60 28 50 17 12 38 16 13 64 31 17 39 39 63  7 17 63 10 62 43  9 21 18  4 17 14 67 60 33 35 22 23  8 13 45 42 52 66  0 11 22 69 10 70 44 49 54 25 59 36 27  3 68 42 31 68 10 69 12 47 66 65 66 40 26 21 35 
66 19 40  5 29 39 52 67 16 61 58  8 12 23 18 18 47 46 44 26 32 11 44 65 12 18 38 44 42 10  4 27 18 30 22 65 42 43 12 58 53 63 51  1 13 68 24 36 19 36  8 12  9 18 21 20 31 11 24 10 43 56 43 52 62 21 36 45 55 29  8 11  0 48 67 61 36 39 21 70 31 17 62  5  1 38 66 48 11  6 63 61  9 29 53 15 31 28 67 18 
 8 16 66 51 30  9  5 39 18 35 20 39 38 10 15 36 62 35 67 33  1 50 55 67 37  6 40 36 53 15 63 19 59 21 49 54 53 12 31 33 49 18 47 24 44 14 11 65 54  4 19 55 31  8  7 18 40 59 59 11 28 45 52 38 63 22 65 31 26 14  4 22 48  0  8 42 67 16 44 54 41 49 20 68 53 60  3 66 36 63 36 21  4 40 55 42 54 62 29 36 
39 53 59 18 61 37 68 24 24 27 37 70 70 12 37  3  1 49 66 31 53 57 55 45 34 43  1  2  3  8  2  1  6 20  1 10 25  9 14  7 52 21 45 34 29 64  6 35 38 10 19 57 21  4  1 68  9 68 63 31 69 61  4 59 15 27 37 49 67  4 29 69 67  8  0 12 57 52 66  5 44 17 17  2 42 51  1 15 63 67 42 44  9  1 27 62 40 25 32  1 
 5 37 17  9 66 67  9 65  6 63 46 59 29 19 18 42 35 22 50 36 49 13 49 41 67 69 29  6 55 70 10 41 25 51  8 37 50 61 44 54 17  3  5 47 54 55 52 50 32 24 40 65 59 24 48 52 62 14 21 39  3 39  9 61 53 33 70 33 58 32 29 10 61 42 12  0 65 51 39 34 42 69 20 10 69 39 24 28 50 33 30 20 46 51 66 68 23 23 10 22 
48 32  3 69 10  7 25 53 44 56 30 47 53 60 59  7  5 53 40  6 35 25  8 24 49 32 58 69  1 23 25 61  6 65 18 21 69  7 49 70 65 59  9 32 20 26 64 26 49 32 48 44 12 33  2 33 45  7 31 29 28 42 63 67 55  2 45  5 10  4  6 70 36 67 57 65  0 45 12 43 50 64 57  3 32  4  9 31 66 41  6 55  6 20 48 54 52 42 20 68 
12 59 14  6 18 13 29 55 51 17 56 32 40 19 44 14 66 29 19 12 26 47 24 19 19 49 51 12 36 51 16 56  9 67 55  5 64 31 35 53 43 10  2 69 22 25 32 61 36 55 42 42 58 38 23 27  8  5 48 14 58 43 57  5 70 10 45 20 39 47  8 44 39 16 52 51 45  0 67 47 51 24 28 69 26 46  8 39 55 32 29 45 48  1 35 30 50 15 69 61 
41 50 37 16 30 54 11 35 12 26 61 56 52 13  6 21 42 36 51 37 54  7 23 37 44 60 61  8 16 50 66 22  5 58 66 36 26 23 68 38 30 27 39 30 19 19 44 15 45 20 59 41 42  6 39 35 51 56 39 23 15 32 59 64 38 58 57 35 32 28 28 49 21 44 66 39 12 67  0 67 39  7 12 11 21 52 68 40 41 57 13 28 23 54 40 52 68 11 39 17 
 7 14 24 55 29 15  2 60 45 16  6  3 68 47  4 58 60 29 43 10 26 18 24  3  2 66 23 13 13 16  2 44 64  6  4 16 29 14 59 10 39 63  3 17 57 14 60 63  3 70 68 12 31 34 15 65 36 67 66 46  2 64 12 10  9 56 33 41 67 53 58 54 70 54  5 34 43 47 67  0 29 40 33 20 57 38 11 66 33 56 42  7 27 66 28 14 16 44 64 20 
20 16 39 58 36 23 22 43  2 55 56 46 34 60 19  9 55  8 31 54  8 31 68 42 32 62  1 63 41  1  3 20 58  7 50 70 30 11 51 20 53 38  3  6 55 47 22 45 47 55 49 19 42 37 36 46 65  1 58 60 56 36 57 32 10 57 57 48 37 70 23 25 31 41 44 42 50 51 39 29  0 50 17 24 45 19 16 18  4 58 10 27 61 44  7 47 41 63  7 26 
39 38 41  7  9 61 70 17  9 28 52 43 27 48 68  1  4 29  7  4 64 54 60 35 44 26 70 33 51 31 24 59 25 16 51 10 21 14 41 59 32  3 15 23 58 28 67 54 55 48 20 64 10 15 20 56 14 26 59 58 29 19 37 44  3 36 24 55 48 14 15 59 17 49 17 69 64 24  7 40 50  0 47 47 51 68  6 29 24 15 14 28 69 28 17 34 68  9  2 70 
23 48 31 47 35  8 40 24 32 55 53 43  5 27 31 26 27 45 26 69 20 12 59  8 51 18 38 40 44 50 23 46  9 30 22 58 27 57 38 23 13 14 37 28 56 38 37 21 21 60 40  3 51  4  9 36 19 26 23 43  7 62 12 12 14 37 48 21 15 24  2 36 62 20 17 20 57 28 12 33 17 47  0 59 51 61 34 27 58  2 18 12 54 14 34  7 31 48 50 13 
23 54 51 42 39  8 20 27 64 31 66 58 21 37 67 26 39 16 13  5 63  3 26 49 23 41 23 52 12 38 37 51  2 27 57 53 28 57  3  3 64 62 56 64  4 59  5 67 24 40 35 49 44 34 17  3  9 57  1 59 43 35 12 64 35 58 68 67 21 67 59 27  5 68  2 10  3 69 11 20 24 47 59  0  7 50 53 22 34 54 20 31 59  1 31 53 32 23 63 63 
61 61 19 25 30 55 47 29 12 23  8 45  2  4 19 27  4 45 41 14 25 36 44 70 20 52 39 56 48 49 16  7 42 42  4  6 17  5 21 51  6 66 65 58 67 17 64 35 24 63 35 68 44 30  6 32 35 51 12 12 63 26 37 49 70 53 18 53 57 49 49  3  1 53 42 69 32 26 21 57 45 51 51  7  0 18 44 17 27 69 35 55 10 38 20 47 32 68 58 34 
43 13 51  8 37  1  9 53  5 33  8  9 25 61  4  9  3 19 20 40 17 63 28  6 28 65 69  5 30 63  1 22 20 17 17 36 38 38 42 35 41 51  3 21 25  4  4 25 28 14  7 64 14  6 70 27 40  8 44 52 40  7 26 18 46 20 39 43 48  3 35 68 38 60 51 39  4 46 52 38 19 68 61 50 18  0 67  2 55 33 16 68 26 53  3 45 39 27 49 17 
41 25  3  1 50 25 31 13 57 11 20  7 56 55 28 10 69 46 53 70 27 47 16  7 16 10 58 21 38 31 54 39 48 49 49 36 17  4 16 17 39 34 22 50 48 20 63 62 64 27 20 56  1 64  9 49 40  4 69 66 38 12 31 54 35 26  1 51 25 60 66 42 66  3  1 24  9  8 68 11 16  6 34 53 44 67  0 70 34 50 51 22 36 40 51 44 15 21 43 50 
27 50 68 18 15 49  9 13 50 14 24 31 14 25 49 61 58 37  3 37  9 58 55 55 55  2 45 54 66 59 53 21 68 59 61 48 25 57  4 26 70 50 11 50 17  1  1 49 68 65 39 10  8 69  8  9 30 28 69 28 38 12 61 49 69 30 52  7 46 52 10 31 48 66 15 28 31 39 40 66 18 29 27 22 17  2 70  0 28 19 17 17 44 39 27 66 19 22 35 65 
69 58  3 20 25 35 58 59 28 28 31 68 29  2 59 19 54 23 15 15 57 17 70 59 26 13 54  1 10 18 34 63  9 17 67 17 57 49 12 25 50 49 54 69  1  4 14 45 40  2 10 42 33  8  2 22 31 43  2 70 22 31 35  1 40 44 64 11 50 25 12 68 11 36 63 50 66 55 41 33  4 24 58 34 27 55 34 28  0 69 19  3 49 36 16 32 67  1 32 30 
 3 53 17 41 48 52  2  3 68 15 14  6 60 39 17 54 26 15 69 52 21 13 31 70 32 40 17 26 34 59 63 41 53 43  8 39 60  5  2 45 63 39 46 35  3  5 55 41 56 17 49 54 70 65  8 45 53  6 57 55 18 58 39 44 22 28 18 70 11 10 39 10  6 63 67 33 41 32 57 56 58 15  2 54 69 33 50 19 69  0 60 36 10 12 19 13 68 55 20 28 
34 22 66 66 48 54 68 55 10 17 21 44 62 70 58 22 35 66 29 12 68 15 22  2 39 20 18 41 35  8  9 26 69 25 42 51 56  9 28 67 20 62 53 19 24 27 14 15 66 15 40  1 35 46  3 63 52 12  1 65 46 70 12 12 41 22 52 63 56 16 67 69 63 36 42 30  6 29 13 42 10 14 18 20 35 16 51 17 19 60  0  3 58 28 26 23 27  4 41 26 
43 62 48 50 59 55 19 70 27 29 29 55 54  4 68 13 63 14  8 11 28 47 44 27 49 33 41 10 34 49  9  3 11 20 55 24 18  3 29 65 11 55 35 64 12 42 69 16 35 42 41 36 65 43 64 49 21  8 54 20 21 40 28 57 52 69 22  7  7 69 25 12 61 21 44 20 55 45 28  7 27 28 12 31 55 68 22 17  3 36  3  0 47  4 20 33 70 34  6 65 
45 10  2 69 47 24 53  9 68 23 11 10 29  1 49 50 49  2 32 60 50 48 40 30 68 62 62 56 42 26 54 32  9 56  5 48 69 38  8 17 55 23  9  7 14 24 51  2 68  4  7 10 13 10 66  8  4  5 69 55 13 12 49 68 39 35 46  5 62 27 44 47  9  4  9 46  6 48 23 27 61 69 54 59 10 26 36 44 49 10 58 47  0 46 33 56 25  8 62 13 
41 48 54 58 37 56 20 28 33 55 25 62 34 58 29 12 24 40 15 45  6 59 55 63 62 20 40 40 64 30  8 62 13 14 16 12 24  4 43  6 25 27  2 42 57 39 49 30  1 36 53 50  2 31 15  4 16 38 55 66 12 61 43 10 56 12 57 36 60 19 11 66 29 40  1 51 20  1 54 66 44 28 14  1 38 53 40 39 36 12 28  4 46  0 56 70 49  6  8 22 
47 48 54  1 23 37 35 42 35 54 64 61 49 64 25 26 21 62 24 38 28 20 50 44  4  6 42 32 28 21  7 10 26 30 38 23 61 45 37 18 66 31 33  7 46 36 48 19 24 25  2 25 63 70 58  5 16 52 68 59 57 69 50 47 42 53 47 10 38 70 60 65 53 55 27 66 48 35 40 28  7 17 34 31 20  3 51 27 16 19 26 20 33 56  0  4 35  2 11  5 
39 55 48  2  4 47 59 46 17 60 30 55 53  8 47 19 47 36  1 35 35 48 35  3 16  2 57 23 39 42 56 28  3 65  6 54 30 19 69 22 51 48 56 68 33 56 42 48 68 58 42 60 52 23  9 60 66 23 69 22 62 66  9 40 63 15 15 40 37 37 63 66 15 42 62 68 54 30 52 14 47 34  7 53 47 45 44 66 32 13 23 33 56 70  4  0 23 27 64 60 
24 46 18  6 66 37 14 10 62 26 25  9 56 62 19 31 28 42 41 30 41 69  7 31  5 70 52 39 49 18 23 63 58 62 33  7 21 24 53 18 64 61 66 23 10 20 22 61 60 20 68 33 40  9 65 51 31 45 20 54 42  1 18 17 40 42  6  3 42 19 49 40 31 54 40 23 52 50 68 16 41 68 31 32 32 39 15 19 67 68 27 70 25 49 35 23  0 30 24  2 
50 13 49 14 11 54 64 37  5 37 59  6 26 48 24 41 68 50 17 59 15 46 63 40 64  8 52 42 30 67 39 30 52 38 48 12 38 52 59 26 20 60 23 12 32 25 45 68 29 10 69 42 44 65 45 41 66 40 28 10 12  3 67 60  6 18 46 35 42 23 36 26 28 62 25 23 42 15 11 44 63  9 48 23 68 27 21 22  1 55  4 34  8  6  2 27 30  0 28 66 
31 16 39 36 46 33 14 26  2 58 27 26 70 43 45 36 36 44 12 47 55 21 18 13 44 42 68 35 11 45 51 33  6 22  1 43  4 55 57 70 51 50 18 40 51 67 49 62 67 53 54 10 57 46 47 43 70  1 61 32 64  5 53 27  5  4 24 35 67 58 42 21 67 29 32 10 20 69 39 64  7  2 50 63 58 49 43 35 32 20 41  6 62  8 11 64 24 28  0 22 
31 32 26 29 32 41 14 44 67 13 63 66 70 25 18 12 12  2 39 26 52 49 49 41 41 40 10 44 69 29 60 10 43 61 14 66 17  1 56 28 58 42 35 30 50 48 69 41  9 62 54 18 23  6 55 27 24 54 10 44 10 28 38 26 63 23 63 33 42  3  3 35 18 36  1 22 68 61 17 20 26 70 13 63 34 17 50 65 30 28 26 65 13 22  5 60  2 66 22  0 

 0 10 48  7 41  9 50  7  6  9 36 20 10 45 31 14 13 45 19 16 48  6 32 18 22  9 43 17 18 12 30 18 10 28 47 27 39 15  4 19  5  2 34 46 16 50  6  9 20 30 12 24  4 31 31 48 23 41  8 44 45 39 31 10 36 50 17 17 37 39  5  6 46 45 47 23  9 46 27  1 41  1 19 37  1  3 38 38 43 20 40 45 40 27 40  4 33 15 17 17 
10  0 11 48 28 50 32 15 32 42 23 48  4 13 31 39 22 33 14 23  9 27 12 40  9 49 22 21 19 21 11 20 43  5 49 11 40 47 18 45 26 24 10 19  3  2 30 29 48 18  9 25  2  3  5 41 45 45 14  9 30 40 20 14  9 44 29 15  7  4 11 16  7 23 28  4 24 19 10  8 24 37 29 49 48 38 37  9 20 13 13 40  9 36 34 47 21 22 48 13 
48 11  0 23 39 13 37 35 22 21 50 13 46 40 15 50  1 41  1 20 20  7 27  1  4 26 31 34 36 50  8 45 23 11 25 28 33 28 48 48 15 20  4 18 46 27  8  2 47 17 20 22 35 46 10 36 26 50 48 46  3 44  7 33 16 29 43 42 23 38  6 33 17 14 46 11  2  6  8  5  4 14 42 23 14 49 48  9 41 41  3 17 44 47 20 39 48 40 30  9 
 7 48 23  0 36 42 23 32 49 37 31 31  1 20  3 44  8 35 21 18  7 12 49  6 48 18 18 46 18 43 42 30 31  1 42  6 16 19 36  7 33 28 38 10 17 46 11 35 14 14 31  3  8 47 43 26 24 13 17 22 39 28 15 25 15 30 16 10 39 18 25 27 14 23 50 29 37 40 13 28 10 39 39 47 34 23 46  2  1 30  6 10 15 37 32  3 21 36  2 46 
41 28 39 36  0 27 22 13 28 19 11 42  7 23 41  7 27 40 46 45  2 10 34 26 17 29  3  7 35 46 27  7 13 18 30 41 33 49 16 13  5  5 14 38 10 43  7 24 28 38 34 31 20 18 32  4 35  3 48  1  1 40 30 24 45 42 33  8 35 25 21 29 50 22 15  1 47  5  5  3  2 48 47 16 25 50  7 26 15 30  3 46 10 35 13 16 50  2 15 41 
 9 50 13 42 27  0 26 49 18 28 45 46 48  4  1 27 42 15 46 13 14 19 40 45 25 44 44 25 50 32 23 43 47 35 48 25 36 46 36 25  5 28 28 16 49 14 31 43 34 18 35 25 44  1  2  8 44 39 12  4 45 48 45 16 44 50  4  2 30 11 36 16 36 43  7 35 20  8  3  4  3 20 47 38 34 22 30 40 39 14 28  9  2 47 22 18 28  2 47 42 
50 32 37 23 22 26  0 21  5 46 24 11  6  3 35 48 46 34 28 32 39 36  2 38 38  9  7 37 26 38 28 38 32  9 42 26 44  1 10 41  2  8  8 29 14 50 42 31 46  3 35 31 35 37 11  9 27 18 47 32 21 37 24 29 44 43 34 29 35  9 42  9 29 14 17 42 25 14 19  9  6 41 40  3  2 18  4  8 30  2 25 30 14 28  8 34 30 19 31  5 
 7 15 35 32 13 49 21  0 45 40 15 18  4 29 13  7  5  5  6 24 35 49 25 27 41 34 12  9  9 11 39 26 15 12 17  9 12 32 29  5  4  3  7  8  2  4  4 13 44 42  5 17 18  8 38 36  1 24 36  9  6 16 36 37 15 14  5 16 19 19 12 21 45 49 42 41  6  1 50 43 12 32 20 47 40 17  7 42 16  7 29 46 20  7 26  6  1 39 44 35 
 6 32 22 49 28 18  5 45  0 46 21  9 23  6 33 30 31 45 43 46 28 40 29 44 20 38 33 20  9  1 10 16 30 18 33 19 15  7 26 42 22 14 47 49 40 33 15 40  1 32 19 35 15  7 16 19 11 26 42 11 34  8 45  1 26  6 20  3  3 30 50 22  5 18 36 21 23 37 25  4 32 42 39 14 39 10 21 42 17 47 33 33 47 37 27 14 33 27 20 13 
 9 42 21 37 19 28 46 40 46  0 33 26 31 40  5 31 14 49 10 26  2 13 42 50 21 46 18 18 23  6  6 25 43 38 48 36 14 23 24  1 29 37 37 14 39 37  2 34 29 39 39 45  3 18 28  9  5 20  7 16  4 23 15 14  4  9 13 37 31 10 29 20  4  2 16 48 22 31 16 22 30 17  9 37 39  2 48 23 17 37 39  6  6 10 16 15 21 20 46 16 
36 23 50 31 11 45 24 15 21 33  0 39 35 37  8  1 26 24 38 15 19 36 29 11 45  1 24  7 48 43 34 13  6 10  4 45  3 26 35 40 42 12 35 49 24 46 36 40  8 17 14  4 33 12 13 43 45  3 11 12  5 14 16 26 45 42 43 31 18 16 16 42 34 49 32 18 41 13 12  3 47 31  6 30 32 29 18 38 12 12 35 45  5 49 45 36 46 44  2 22 
20 48 13 31 42 46 11 18  9 26 39  0  3 33 34 10 29 34 18 10 35 21 49 26 41 35  5  4  8 36 49  4 41 15 42 31 39 48 40 16 20 18 47 50 28 37 20 15 14 37 38 33 43 13  2 38 13 31 16 17 10 49 46 35 29 14 16 48 29 27 18 27 23 32 18  8  8 14 26 12 42 47 42 46 22 24 25 29 19 25 34 11 49  1 17 50 18 12 25 12 
10  4 46  1  7 48  6  4 23 31 35  3  0 24  5 20 48  4 24 44 46 10 24 16 13  1 14 44 42 48 16 38 49 23 30 44 35 23 50 12  1 11  1 13 48 19  7 28 23  4 28 32 20 13  5 37 12 27  8 26 43 18 10 19 49 43 43 15  6 45 20 10 15 47  3 30 41  6 12 26 34 50 46 23 11 43 18 32 36 31  7 35 25 12  5 26 43 42 24 50 
45 13 40 20 23  4  3 29  6 40 37 33 24  0 33 12 29 10 39 34 17  5 43 24 32 35 17 48 11 43 42  9  5 46 18 33 20 12 22 15 16 12 46 14 28  3 15 27  9 24 21  1 30 23 31 13 10 48 43 13 22 23 19 23 46 16 24 49 30  9  5 21 20 22 50 14  2  5 27 20 10 35 11 19 27 50 24 11  2  6 24 16 48  1 17 30 38 22 35 36 
31 31 15  3 41  1 35 13 33  5  8 34  5 33  0  4 38  5 48 36 24 48 44  7 25 41 13 13  5 11 15 39  8  8 46 14 18 50  5 19 47  3 27  4 22 45 35 15 26 31  1 33 34 28  6 43 36 10 44 48 35  6 17 24 10 20 29  7 38 28  7 44 32 16 49 31 11 46 17 15 16  6  2 25 13 47 27 48 28 13 31 41 10 44 43 36 18 13 41 46 
14 39 50 44  7 27 48  7 30 31  1 10 20 12  4  0 36 26  1 18 15 42 49  1 29 30 40 27 16  7 47 34 11 14 28 44 40 26  3 47 49 43 13 21 30 10  4 29 48 14  4 31  1 10 48 26 50 34 23 27  6  5 19 42 44  2 38 31 38 10 46 37  2 10  2 36 25 26 19 21 42 44 46 33 46 14 36 43 39 50  6 17 18 15 49  4 25 18 17 18 
13 22  1  8 27 42 46  5 31 14 26 29 48 29 38 36  0 36 26 49 49 37 10 20  3 49 36 18  9 41 32 13 37  6  7 48  7 41 35 22 49 39 23  2 10 30 36 21 45 18 13 31 34 33 24 18 15 25 25 45 10  9 46  8 35 37 15 23 21 40  7 41 42  2 37 21 11 47 41 37 50 48  3 12 26 48 21 49 30 17 47 15 13 35 36 44 34 40 39 28 
45 33 41 35 40 15 34  5 45 49 24 34  4 10  5 26 36  0  8 23 33 13 29 49 36 14  3 34 10 33 31 47 48 17  9 17  6 16 48 30  5 18  2 46  8 26 25 40 40  4 19 42 25 16  1  5 26  8 47 10  3 34 35 14 36 11  3  8 16 43 48 46 35 13 40 34 20 23 47 42 48  9  7 17 47 14 19 44 24 38  5 50 48 33 31  8  6 46 21 46 
19 14  1 21 46 46 28  6 43 10 38 18 24 39 48  1 26  8  0 23 22 46 12 19 23 10 45 25 22  5  4 11 50 45 48 17 29 41 28 33 21  6 31  6 21  3 10 44 43 32 19  3  4 46 12 28 20 24  7 34 28 13  4 35 41 13 14  5 29  4 11 29 25 50 18 45 18 50 38 37 29 14 49 43 12  1 29 28 49 30 13 21 46 11 21 41 15 38 42 40 
16 23 20 18 45 13 32 24 46 26 15 10 44 34 36 18 49 23 23  0 39 24  6 38 39  6 38 13 34 38 42 17 36 35 24  7  5 39 13 22  1  2 20 35  2 18 31 28 27 31 19  2 37 46 32 38  6 45 12  8 28 12 43 19 29 49 23 18 46 13 11 10 15 46  8 45 19 19 23 33 18 22 21  4 29  5 30 44  4 16 26 49 29 44 42  3 36 26 19 16 
48  9 20  7  2 14 39 35 28  2 19 35 46 17 24 15 49 33 22 39  0 31 13 38  4 15 36 13 21 46 34 44 47 27 25 49 19 46 24  5 45 12 47 45 29 47 43 36 39 19 31 23 28 45  5 33 37 22 35 23  3 34 50 16 31 36 32 10  4 23 41 43 11 50 10 35  2 45 27 14 24 33 43 29  5 33 16 28 10 42 34 10 12 41 44 18 36 14 23 22 
 6 27  7 12 10 19 36 49 40 13 36 21 10  5 48 42 37 13 46 24 31  0 28 18 40 32 14 37 13 10 44  7 50  3  2 41 27 37 27 25 15 20  5 36 30 21 29 38  6 17 29 16 41 33 50 11 27  9 50 49 41  3 41 42 10 39  5 22 11 36  9 47  5 34 36  9 13 25  8 18 10  3 29 12 43 39  7 39 42 11 36 38 19 44 43  3 40 34 49 38 
32 12 27 49 34 40  2 25 29 42 29 49 24 43 44 49 10 29 12  6 13 28  0 48  2  3  1 50 33 36 19 44 13 39 13 13 17  7  9 31 28 44 44  7 49 18 21 28 32 35 30 17 41 26 50 19 44 22 16 13  8 12 35  8 15  3 46  9 40 30 22 38 49 27 11 14  7 22 10 27 45  4 29  2 35 42 20 33  3 33 37  8 10 27 12  9 38  9 26  5 
18 40  1  6 26 45 38 27 44 50 11 26 16 24  7  1 20 49 19 38 38 18 48  0 47 15 28 35  2 46 37 28 23  1 18 44 18 36 15 17 47 46 25 18 14 16 31 39  4  7  4  5 10  7 47  9 39 11 24 40  6 38  7 38  2 34 33 28 43 18 26 22 37  8  8 32 14  1  7 26 18 34 30  3 33 35 35 12  9 32 13 27 29 50 32 33 24 19 50 17 
22  9  4 48 17 25 38 41 20 21 45 41 13 32 25 29  3 36 23 39  4 40  2 47  0 46 41 31 25 32 12 35 27 10 26 32 36 25 33 11 47 42 40 16 13 43 45  1 24 36 35 10 46  5 50 33 15 27 40  2 28 19  1 38 28 38  3 49  3 49  3 25 35 14  4 40 22 20 12 43 48 23 26 23 23 24 10  6 42 20 41 34 34 27 26 44 12 18 21 18 
 9 49 26 18 29 44  9 34 38 46  1 35  1 35 41 30 49 14 10  6 15 32  3 15 46  0  4  4 20 41 17  9 50  7 24 49 25 12 29 27 24 29 26 21  9 15 22 36 48 47 35 14  2 28  3  4 34 41  5 30 25  2 11 39 12 16 15 29  2 14 24  1  5  2 20 22 18 30 12 11 35 25 45 12 21 31 43  4 25 48 27 26 43 20 25 23 43  1 21 34 
43 22 31 18  3 44  7 12 33 18 24  5 14 17 13 40 36  3 45 38 36 14  1 28 41  4  0 23  2 18 19 33 18 28 41 21 19  7 29 49 25  5 19 49  7 34  6 26 10 35 32 46 39 13  3  1 13  7 12 39  1 30 17 14 16 29 45 39 41 47  1 30 22 42  5 29 14 13 15 33 38 48  1  5 24 17 21  2 17 36  9 34 22  4 25 30 36  8 10 21 
17 21 34 46  7 25 37  9 20 18  7  4 44 48 13 27 18 34 25 13 13 37 50 35 31  4 23  0 29 17  7 21  1 11 26  6 49 13 22  7 26  6 11 15 38 28 21 37 30 20 21  7  7 26 31 29 38 37 12 30  2 13 44 16 11 24 45 13 41 27  9 19 33 24 48 20  1  5 34  4  1 18 23  7 16 44 50 10 23 34  8  5 46 28 17  1 10 27 32 28 
18 19 36 18 35 50 26  9  9 23 48  8 42 11  5 16  9 10 22 34 21 13 33  2 25 20  2 29  0 41 31 46 12 43 41 30 40  7  1  2 21 24 31 47  9 32 43 37 26 35 37 27 14  5 12  1 36 34  6 34 40 32  2 19 47 43 28 43  4 11 23 42  6 39 41 15 27 26 44 43  1 24 18 44  1 27 44 33 40 19 14  8 40 38 21 44 23 38 42  9 
12 21 50 43 46 32 38 11  1  6 43 36 48 43 11  7 41 33  5 38 46 10 36 46 32 41 18 17 41  0  1 16 36 16 12  3 48 23  9 44 43 20 34 26 18  7 35 32  6 35 38 18  8 33 25 46 17 28 39 36 44 17 47 48 42 50 36 38 14 37 15 21 43 11 11 43 46  9 32 21 40 44 27 37 11 36 28  3 50 38 29 28  9 43 32 49 50 38  9 18 
30 11  8 42 27 23 28 39 10  6 34 49 16 42 15 47 32 31  4 42 34 44 19 37 12 17 19  7 31  1  0 30  3 21 17 15 24 42 46 18 43 41  3 34 36  9 43 30 41 28 24 10  8 17 47 42  4 10  1 38 23 45 33 42  4 45 43 36 32 44  7 44 15 12  5  9  8 18 50  7 39 22 33 16 24  1 18 20 30  6 37  4 28 32 10 30  3 30 47 36 
18 20 45 30  7 43 38 26 16 25 13  4 38  9 39 34 13 47 11 17 44  7 44 28 35  9 33 21 46 16 30  0 17 39 34 49 23 18 30  8  1 45 48 46 20 21  1 46 21 19 33 14 28  5 21 29 41 23 30 29 19 47 19 23 13 22 35  8 15 45  2 15 33 20 20 46 24 49 50 46 50 20 21 37 29 15 18 13  4 22  9  1 12 30 48  8 12 25 33  2 
10 43 23 31 13 47 32 15 30 43  6 41 49  5  8 11 37 48 50 36 47 50 13 23 27 50 18  1 12 36  3 17  0 43 29 37 47 38 11 23 34 46 14  6 10 28 39  1 49 40 38 26 19  8 29 28 47  4  2 36 41 45 48 18 26 24  4  9 38 24 31 22  4 15 39 31 19  4 20 44 46 26 36  1  2 18  9 30 43 39  5 14 13  3 46 36  3 25  6 21 
28  5 11  1 18 35  9 12 18 38 10 15 23 46  8 14  6 17 45 35 27  3 39  1 10  7 28 11 43 16 21 39 43  0 43 10 37 22  2  1 15 45  7 24 23 45 21 23 37 12 44 10 43  2 28  4 28 21 42 18 47 20 46 20 22 25  1 40 16  5 42 10 40 45  5 13 46 27 30 27 38 29 30 40 25 48  5 15 12 33 10 34 35 46 46 25 13  9  9  6 
47 49 25 42 30 48 42 17 33 48  4 42 30 18 46 28  7  9 48 24 25  2 13 18 26 24 41 26 41 12 17 34 29 43  0 45 14  9 11 49  9  8  7 29  1 45 26 21 24 38 35 49 25 23  1  2 32 31 14 14 47 40 43 10 12 28 24 33 24  6 46 28 21 12 27 19 47 12  8 39 44 35 20 22  8 19 43 33  7 31 31 46 11 17 35 28 44 38  3  4 
27 11 28  6 41 25 26  9 19 36 45 31 44 33 14 44 48 17 17  7 49 41 13 44 32 49 21  6 30  3 15 49 37 10 45  0 37  4 15 30 48  1 31  9 48  5 24 13 37 41 48 31 43 24 44 16 49 43 36 46 29 24 40  4 35 12 44 21 22 18 39  2 46 48 35 46 10  3 46 27 23 25 11 23 10 47 42 46  9  7 22 35 35 49 47 37 26 45 36 45 
39 40 33 16 33 36 44 12 15 14  3 39 35 20 18 40  7  6 29  5 19 27 17 18 36 25 19 49 40 48 24 23 47 37 14 37  0 31 30 29 20 12 37 36 43 24 43 21 36 13 21 22 24 33 24 46 29  2 37 28 11  5 16 29  3 35 12 49  2  5 21 42 41 13 41 35 39 28 30 12 14 47 30 23 15 47  4 44 47 13 49  1 28 30 50  6 41 39 25 47 
15 47 28 19 49 46  1 32  7 23 26 48 23 12 50 26 41 16 41 39 46 37  7 36 25 12  7 13  7 23 42 18 38 22  9  4 31  0 10 19 25 38  7 25 23 43 44 48 27 28 50 20  2 24 16  2 13 41 17 12 23 22 26 48 34 41 35 11 31 36 43 23 34 44 36 45 15 10  4 16 38  2 31 20 17 44 37 45 17 49 10 18 20 38 21 36 25  7 11 48 
 4 18 48 36 16 36 10 29 26 24 35 40 50 22  5  3 35 48 28 13 24 27  9 15 33 29 29 22  1  9 46 30 11  2 11 15 30 10  0  3  7 44 15 29 42 32 31 47 21 38 29  6 37 43 36 16 20 17 14 19  4 32 23 48 45 22  5 40 20 13  4 40 39 13 19 40 40 13 13 33 42  9  2 16 47 35 25 34 37 23 38 18 44 33 43 47 36  8 44 26 
19 45 48  7 13 25 41  5 42  1 40 16 12 15 19 47 22 30 33 22  5 25 31 17 11 27 49  7  2 44 18  8 23  1 49 30 29 19  3  0 27 38 38 28 29 11 34 30  8 41 14 39 43 28 32 37 28  3 49 25 11 27 49 15 42 18 15  5 23 22 12  8 34 25 22 20 23 15 43 11 49 10  6  3  1  5 46 24 25 14 41 23  6 42  1 13  1 31 50 17 
 5 26 15 33  5  5  2  4 22 29 42 20  1 16 47 49 49  5 21  1 45 15 28 47 47 24 25 26 21 43 43  1 34 15  9 48 20 25  7 27  0 50 32 43 26  4  5 20 38 28 15 11  8 31 10  9 23 33  9 40 14 40 13 15 14 17 42 21 34 17 20  2 39 32 26 26 39 23 43 11 20 15  5 39 24 12 30  6 13  8 43 48 23 39 39 32 44  1 31 47 
 2 24 20 28  5 28  8  3 14 37 12 18 11 12  3 43 39 18  6  2 12 20 44 46 42 29  5  6 24 20 41 45 46 45  8  1 12 38 44 38 50  0  6 10  4 42  8 17 16 36 45 15  9 38 22 17 25 33 10 48  8 31 24 34  6 37 11  9 43 42 35 39 11 37 24  3 34  6 24  3 48 27 39 50  1 16  8 27 11 29 44 10 48 25 19  8  9 43 24 10 
34 10  4 38 14 28  8  7 47 37 35 47  1 46 27 13 23  2 31 20 47  5 44 25 40 26 19 11 31 34  3 48 14  7  7 31 37  7 15 38 32  6  0 18 29  9 23 33  1 35 29 12  9 15  2 24  6 38 19 14  9 25 35 42 25 12 44 35 28 29 25 40 19 49  8 32 17 43 16 38 41 25 38 14 38 27 48  5 44  3 10 12 48 47  8 25 19 38 13 25 
46 19 18 10 38 16 29  8 49 14 49 50 13 14  4 21  2 46  6 35 45 36  7 18 16 21 49 15 47 26 34 46  6 24 29  9 36 25 29 28 43 10 18  0 27 14 33  9 36 43 24 34 22 31 30 48 25  1 39 45 23 33 20 18 18 35 37 24 18 17 27 38  9  2 50  3 38  4 20 40 14 29 15 43 39 17  8 19  6  5 45 13  1 16 15 18 13 44  5 36 
16  3 46 17 10 49 14  2 40 39 24 28 48 28 22 30 10  8 21  2 29 30 49 14 13  9  7 38  9 18 36 20 10 23  1 48 43 23 42 29 26  4 29 27  0 49 25  6 34 50 10  4 38 37 44 36  6 37 23 48 29  9 47 45  1  7  2 49 42 10  3 33 42 10 44 33 49 38 17 31  7 23  5 21 17 47 40 16 13  5 23 37 23 49 49  7 24 26 32 19 
50  2 27 46 43 14 50  4 33 37 46 37 19  3 45 10 30 26  3 18 47 21 18 16 43 15 34 28 32  7  9 21 28 45 45  5 24 43 32 11  4 42  9 14 49  0 29 24 49 40 11 27 18 12 27 25 38 19 44 25 18 49  7  9 40 24 34 35 28 44 49 44  5 50 47 26 17 46 17 13 39 39 41  5 45 49 19 29 39 43 49 27  8 32 34 14  8  5 41 11 
 6 30  8 11  7 31 42  4 15  2 36 20  7 15 35  4 36 25 10 31 43 29 21 31 45 22  6 21 43 35 43  1 39 21 26 24 43 44 31 34  5  8 23 33 25 29  0  5 11 16 46 44 21 15 36 41  2  5 38 25  8 46  7 15  1 14 46 43 27 34 26 31  5 30 25 36 42 33 13 19 26 31 48 24 25 12  4  3 36 48 15 46  8 36 26 13 33 27 23 49 
 9 29  2 35 24 43 31 13 40 34 40 15 28 27 15 29 21 40 44 28 36 38 28 39  1 36 26 37 37 32 30 46  1 23 21 13 21 48 47 30 20 17 33  9  6 24  5  0 39 36 44 29 43 40 28  7  8 30 23 26 40 46 41 13 32 26 47 35  9 19  2  6 29 47  1 19 16 33 30 37  5 36 49 33 42 20  8 12 17 18 50 28 22 43 15  1 16 32 18 14 
20 48 47 14 28 34 46 44  1 29  8 14 23  9 26 48 45 40 43 27 39  6 32  4 24 48 10 30 26  6 41 21 49 37 24 37 36 27 21  8 38 16  1 36 34 49 11 39  0  4 12 38 20 29  7 48 48 21 27  3 41 27 16 28 25  6 43 34 11 13 47 19 27 48 13 29 33 28  9 38 18 15 30 49 17 50  6 26 19 22 45 31  1 49 20 31 49 24 24 32 
30 18 17 14 38 18  3 42 32 39 17 37  4 24 31 14 18  4 32 31 19 17 35  7 36 47 35 20 35 35 28 19 40 12 38 41 13 28 38 41 28 36 35 43 50 40 16 36  4  0 43 25 45 42  1  4 28 44 12  4 26 22  6  9 39 29 20 14 41 12 50 29 42 34 18 20  4 21  3 42 25  8 30 32 31 37 15 19 33 40 27  6 50 22 44 16 28  7 33 25 
12  9 20 31 34 35 35  5 19 39 14 38 28 21  1  4 13 19 19 19 31 29 30  4 35 35 32 21 37 38 24 33 38 44 35 48 21 50 29 14 15 45 29 24 10 11 46 44 12 43  0 28 30 18 40 19 28 49 43 11 34 43 49 27 26 22 27 36 43 35 42 44  5 31 27 28  3 35 24 27 32  9 24 49 50 17 33  3  2 29 11 12 49 14 16 21 28  1 24 41 
24 25 22  3 31 25 31 17 35 45  4 33 32  1 33 31 31 42  3  2 23 16 17  5 10 14 46  7 27 18 10 14 26 10 49 31 22 20  6 39 11 15 12 34  4 27 44 29 38 25 28  0 12  8 25 42 38 31 25 18 47  4 44 16  7 23 44  4 20 34 48 19 31  8 28 26  8 39  3  9 11 26 46 20 48 36 48 10 28 14  7  3  6 33 22 28 18 12  4 31 
 4  2 35  8 20 44 35 18 15  3 33 43 20 30 34  1 34 25  4 37 28 41 41 10 46  2 39  7 14  8  8 28 19 43 25 43 24  2 37 43  8  9  9 22 38 18 21 43 20 45 30 12  0 11 43 41 19 36  6 28 41 22  9 38 21 44  5 21 21 41 14 47 21  4 28  7 49  9 27  4 12  4 36 30  7 11 21 37  6 17 36 48 18 37 12 23 14 31 27 43 
31  3 46 47 18  1 37  8  7 18 12 13 13 23 28 10 33 16 46 46 45 33 26  7  5 28 13 26  5 33 17  5  8  2 23 24 33 24 43 28 31 38 15 31 37 12 15 40 29 42 18  8 11  0 11  9 15 44 10 16 11 12 45 22  5 33 18 11 43 23 48 18 18 19 25 26 22 43 22 35 29 44 27 46  4 44 46 17 47 22  8 19 38 30 46 29 32 18 10 47 
31  5 10 43 32  2 11 38 16 28 13  2  5 31  6 48 24  1 12 32  5 50 50 47 50  3  3 31 12 25 47 21 29 28  1 44 24 16 36 32 10 22  2 30 44 27 36 28  7  1 40 25 43 11  0  8 15 11 14 46 36 17 14 49 46 32 47 44 30 46 33 10 40 47 16  2 39  9 13 32  7 50 28 27 16 33  6 36 30 43 48 45  5 30 48  8  6 33 18  1 
48 41 36 26  4  8  9 36 19  9 43 38 37 13 43 26 18  5 28 38 33 11 19  9 33  4  1 29  1 46 42 29 28  4  2 16 46  2 16 37  9 17 24 48 36 25 41  7 48  4 19 42 41  9  8  0 31 49 29 48 32 44 38 31 41 43 26  2 37 26 45 19 15 26  8  5 32  4 39 50 42 49 43 46 34  6  3  7 28  1 19 37 14  5 47  2 48 39 25 10 
23 45 26 24 35 44 27  1 11  5 45 13 12 10 36 50 15 26 20  6 37 27 44 39 15 34 13 38 36 17  4 41 47 28 32 49 29 13 20 28 23 25  6 25  6 38  2  8 48 28 28 38 19 15 15 31  0 20 15 16 13 26  3 44 13 32 14 47 29 20 24  7 38 11 14 24 44 14 38  5 33 21 38 21 48  5 25 24 20  8 46 50  3 34 29 43 42 49 48 15 
41 45 50 13  3 39 18 24 26 20  3 31 27 48 10 34 25  8 24 45 22  9 22 11 27 41  7 37 34 28 10 23  4 21 31 43  2 41 17  3 33 33 38  1 37 19  5 30 21 44 49 31 36 44 11 49 20  0 41 10 41  1 17 16 15 24 33 26  7 23  1 37 37 22 22  4  9 36 30 31 14  2  4 11 39 44  7 48 39 38 27  6 32 49 42  3 23  7 43 30 
 8 14 48 17 48 12 47 36 42  7 11 16  8 43 44 23 25 47  7 12 35 50 16 24 40  5 12 12  6 39  1 30  2 42 14 36 37 17 14 49  9 10 19 39 23 44 38 23 27 12 43 25  6 10 14 29 15 41  0 13 30 26 37 40 11 32 11 50  1 16 43 20 20 22  5 12 12  6 20 28  9 37 40 14 12 14 34 18 32 43 25 40 22 25 26 13  1  4 10 33 
44  9 46 22  1  4 32  9 11 16 12 17 26 13 48 27 45 10 34  8 23 49 13 40  2 30 39 30 34 36 38 29 36 18 14 46 28 12 19 25 40 48 14 45 48 25 25 26  3  4 11 18 28 16 46 48 16 10 13  0  3 30 16 20 16 30 39 27 23  9 26 44  7 15 14 39 20 27 17 31 23 37 19  9 50 44 49 20 48 45 28 43  8 20 11 31 34 11 20  2 
45 30  3 39  1 45 21  6 34  4  5 10 43 22 35  6 10  3 28 28  3 41  8  6 28 25  1  2 40 44 23 19 41 47 47 29 11 23  4 11 14  8  9 23 29 18  8 40 41 26 34 47 41 11 36 32 13 41 30  3  0 15 11 48 39 10 25  2 15 43 42 14 27 42 39 24 15  9  4 39 42 28 47 47 14 26 19 10 39 25 34 49  6 30 21 11 33  2 10 45 
39 40 44 28 40 48 37 16  8 23 14 49 18 23  6  5  9 34 13 12 34  3 12 38 19  2 30 13 32 17 45 47 45 20 40 24  5 22 32 27 40 31 25 33  9 49 46 46 27 22 43  4 22 12 17 44 26  1 26 30 15  0 32 32 33 46 38  4 42 33 46 17 49 24  5  4 25 33 46  1  7 29 13  7  7  2 21 48 20 27 31 38  9 29 23 35 10 46 33 49 
31 20  7 15 30 45 24 36 45 15 16 46 10 19 17 19 46 35  4 43 50 41 35  7  1 11 17 44  2 47 33 19 48 46 43 40 16 26 23 49 13 24 35 20 47  7  7 41 16  6 49 44  9 45 14 38  3 17 37 16 11 32  0 17 46  1 50 46  2  2  7 47 17 41 34 44 49  1 41  1 23  9 44 28 37 50 39 29 40 41  3 15 29 14 15 27 12 21 19  3 
10 14 33 25 24 16 29 37  1 14 26 35 19 23 24 42  8 14 35 19 16 42  8 38 38 39 14 16 19 48 42 23 18 20 10  4 29 48 48 15 15 34 42 18 45  9 15 13 28  9 27 16 38 22 49 31 44 16 40 20 48 32 17  0 18  4 14 27 43 38 21 18 45 30 15 10  3 15 12 48  4 35 48 50 39 38 43 26 30 38 41 11  6 18  5 12 37 49  6 31 
36  9 16 15 45 44 44 15 26  4 45 29 49 46 10 44 35 36 41 29 31 10 15  2 28 12 16 11 47 42  4 13 26 22 12 35  3 34 45 42 14  6 25 18  1 40  1 32 25 39 26  7 21  5 46 41 13 15 11 16 39 33 46 18  0  4 10 27 30 49 37 44 33 27  1 35 17 33 18 24 46  7 36 16  1 11 46 23 36 22 36 12 23 33 32 11 27 30 48 35 
50 44 29 30 42 50 43 14  6  9 42 14 43 16 20  2 37 11 13 49 36 39  3 34 38 16 29 24 43 50 45 22 24 25 28 12 35 41 22 18 17 37 12 35  7 24 14 26  6 29 22 23 44 33 32 43 32 24 32 30 10 46  1  4  4  0 32 33 30 28 42 15 48 29  2 49 13 27 16 14  8 18  9 36 25 47  1 41  2 37 11 39 48  3  6 14 48 42 10 44 
17 29 43 16 33  4 34  5 20 13 43 16 43 24 29 38 15  3 14 23 32  5 46 33  3 15 45 45 28 36 43 35  4  1 24 44 12 35  5 15 42 11 44 37  2 34 46 47 43 20 27 44  5 18 47 26 14 33 11 39 25 38 50 14 10 32  0 18 22 36 27 48 46 35 43 47 12 32 20 44 33 46 22  1 20 41 14 37 34 11 26 48 43 26  1 31 28  8  2 42 
17 15 42 10  8  2 29 16  3 37 31 48 15 49  7 31 23  8  5 18 10 22  9 28 49 29 39 13 43 38 36  8  9 40 33 21 49 11 40  5 21  9 35 24 49 35 43 35 34 14 36  4 21 11 44  2 47 26 50 27  2  4 46 27 27 33 18  0 19 21 27 19  6 31 35 25 43 15 11 10 14 42 46 24 26 41  4 40 20 39 24 15 13 28 26  3 47 18 45 29 
37  7 23 39 35 30 35 19  3 31 18 29  6 30 38 38 21 16 29 46  4 11 40 43  3  2 41 41  4 14 32 15 38 16 24 22  2 31 20 23 34 43 28 18 42 28 27  9 11 41 43 20 21 43 30 37 29  7  1 23 15 42  2 43 30 30 22 19  0 12 16 15 25 50 30 38 19 14 38 25 15 24 17 35 37 41 37 17 15 34 42 42 13 16 31  6  4  1 15 22 
39  4 38 18 25 11  9 19 30 10 16 27 45  9 28 10 40 43  4 13 23 36 30 18 49 14 47 27 11 37 44 45 24  5  6 18  5 36 13 22 17 42 29 17 10 44 34 19 13 12 35 34 41 23 46 26 20 23 16  9 43 33  2 38 49 28 36 21 12  0 46 25 28  4 13  1 37  3  1 27 47 32 49 12 40 45 17 33  1 21 32 30 48 10  2 25  3  2 21  8 
 5 11  6 25 21 36 42 12 50 29 16 18 20  5  7 46  7 48 11 11 41  9 22 26  3 24  1  9 23 15  7  2 31 42 46 39 21 43  4 12 20 35 25 27  3 49 26  2 47 50 42 48 14 48 33 45 24  1 43 26 42 46  7 21 37 42 27 27 16 46  0 31 46 16 49 34 23  8  7 29 26 28 33  2 47 30 28 50 10  6 27 23 27 22  8 13 13 23 36 31 
 6 16 33 27 29 16  9 21 22 20 42 27 10 21 44 37 41 46 29 10 43 47 38 22 25  1 30 19 42 21 44 15 22 10 28  2 42 23 40  8  2 39 40 38 33 44 31  6 19 29 44 19 47 18 10 19  7 37 20 44 14 17 47 18 44 15 48 19 15 25 31  0  9 25 47 28  9 45 34 19 12 24  8 37 28 11 44 28 17 29 40 38 24 37 49 41 37 41 41 30 
46  7 17 14 50 36 29 45  5  4 34 23 15 20 32  2 42 35 25 15 11  5 49 37 35  5 22 33  6 43 15 33  4 40 21 46 41 34 39 34 39 11 19  9 42  5  5 29 27 42  5 31 21 18 40 15 38 37 20  7 27 49 17 45 33 48 46  6 25 28 46  9  0 47 44 19  8 30  6 32 39 24 41 15 31 48 31 41 22 11  4 17 44 43 20 23 46 16 20 27 
45 23 14 23 22 43 14 49 18  2 49 32 47 22 16 10  2 13 50 46 50 34 27  8 14  2 42 24 39 11 12 20 15 45 12 48 13 44 13 25 32 37 49  2 10 50 30 47 48 34 31  8  4 19 47 26 11 22 22 15 42 24 41 30 27 29 35 31 50  4 16 25 47  0 22 24 17 14 35 38 16 23 46  8 19 42 41  4  1 24 24 49 44 14 17 49 50  5 23 10 
47 28 46 50 15  7 17 42 36 16 32 18  3 50 49  2 37 40 18  8 10 36 11  8  4 20  5 48 41 11  5 20 39  5 27 35 41 36 19 22 26 24  8 50 44 47 25  1 13 18 27 28 28 25 16  8 14 22  5 14 39  5 34 15  1  2 43 35 30 13 49 47 44 22  0 11 29  5 29 15 42 39 40 23 29 23 39  1 40 27 45 20 35 14 17  5 26  7 26  6 
23  4 11 29  1 35 42 41 21 48 18  8 30 14 31 36 21 34 45 45 35  9 14 32 40 22 29 20 15 43  9 46 31 13 19 46 35 45 40 20 26  3 32  3 33 26 36 19 29 20 28 26  7 26  2  5 24  4 12 39 24  4 44 10 35 49 47 25 38  1 34 28 19 24 11  0 29  3  1 11 47  6 20  2  8 36  3 48  8 33 15 18 41 47 49 45 45  1 39 29 
 9 24  2 37 47 20 25  6 23 22 41  8 41  2 11 25 11 20 18 19  2 13  7 14 22 18 14  1 27 46  8 24 19 46 47 10 39 15 40 23 39 34 17 38 49 17 42 16 33  4  3  8 49 22 39 32 44  9 12 20 15 25 49  3 17 13 12 43 19 37 23  9  8 17 29 29  0 13 36 25 31 33  3 26 11  7  8 16 46 26 27 38  7 20  3 39  9 27 25  4 
46 19  6 40  5  8 14  1 37 31 13 14  6  5 46 26 47 23 50 19 45 25 22  1 20 30 13  5 26  9 18 49  4 27 12  3 28 10 13 15 23  6 43  4 38 46 33 33 28 21 35 39  9 43  9  4 14 36  6 27  9 33  1 15 33 27 32 15 14  3  8 45 30 14  5  3 13  0 28 34 49 31 19 18 46 40 14 24 40 32 43 43 28 11  9 28 39 17 40 31 
27 10  8 13  5  3 19 50 25 16 12 26 12 27 17 19 41 47 38 23 27  8 10  7 12 12 15 34 44 32 50 50 20 30  8 46 30  4 13 43 43 24 16 20 17 17 13 30  9  3 24  3 27 22 13 39 38 30 20 17  4 46 41 12 18 16 20 11 38  1  7 34  6 35 29  1 36 28  0 21 28  1 34  3  9 49 26 26 27 44  4 34 46 27 28 43  6 33 26 30 
 1  8  5 28  3  4  9 43  4 22  3 12 26 20 15 21 37 42 37 33 14 18 27 26 43 11 33  4 43 21  7 46 44 27 39 27 12 16 33 11 11  3 38 40 31 13 19 37 38 42 27  9  4 35 32 50  5 31 28 31 39  1  1 48 24 14 44 10 25 27 29 19 32 38 15 11 25 34 21  0 30 33 30 21 36 22 38  4 37  2 16 41 47 28 44 27 50 11 50 27 
41 24  4 10  2  3  6 12 32 30 47 42 34 10 16 42 50 48 29 18 24 10 45 18 48 35 38  1  1 40 39 50 46 38 44 23 14 38 42 49 20 48 41 14  7 39 26  5 18 25 32 11 12 29  7 42 33 14  9 23 42  7 23  4 46  8 33 14 15 47 26 12 39 16 42 47 31 49 28 30  0 15 38 50  7 48 26 46  9 45 25  1 23 15 44 47 21 41 35 15 
 1 37 14 39 48 20 41 32 42 17 31 47 50 35  6 44 48  9 14 22 33  3  4 34 23 25 48 18 24 44 22 20 26 29 35 25 47  2  9 10 15 27 25 29 23 39 31 36 15  8  9 26  4 44 50 49 21  2 37 37 28 29  9 35  7 18 46 42 24 32 28 24 24 23 39  6 33 31  1 33 15  0 34 40  7  8 36 20  1 43  3 24  1 21 38 32  6 36 50 19 
19 29 42 39 47 47 40 20 39  9  6 42 46 11  2 46  3  7 49 21 43 29 29 30 26 45  1 23 18 27 33 21 36 30 20 11 30 31  2  6  5 39 38 15  5 41 48 49 30 30 24 46 36 27 28 43 38  4 40 19 47 13 44 48 36  9 22 46 17 49 33  8 41 46 40 20  3 19 34 30 38 34  0 48  5 24  4 49  2 37 12 32 13 21 44  4  9  1 11 17 
37 49 23 47 16 38  3 47 14 37 30 46 23 19 25 33 12 17 43  4 29 12  2  3 23 12  5  7 44 37 16 37  1 40 22 23 23 20 16  3 39 50 14 43 21  5 24 33 49 32 49 20 30 46 27 46 21 11 14  9 47  7 28 50 16 36  1 24 35 12  2 37 15  8 23  2 26 18  3 21 50 40 48  0 38  9 25 41 37 21 34 26 35 42 40  2 16 20 45 37 
 1 48 14 34 25 34  2 40 39 39 32 22 11 27 13 46 26 47 12 29  5 43 35 33 23 21 24 16  1 11 24 29  2 25  8 10 15 17 47  1 24  1 38 39 17 45 25 42 17 31 50 48  7  4 16 34 48 39 12 50 14  7 37 39  1 25 20 26 37 40 47 28 31 19 29  8 11 46  9 36  7  7  5 38  0 36 31 40 36  4  9  8  6 24 27 38 15 49 31  8 
 3 38 49 23 50 22 18 17 10  2 29 24 43 50 47 14 48 14  1  5 33 39 42 35 24 31 17 44 27 36  1 15 18 48 19 47 47 44 35  5 12 16 27 17 47 49 12 20 50 37 17 36 11 44 33  6  5 44 14 44 26  2 50 38 11 47 41 41 41 45 30 11 48 42 23 36  7 40 49 22 48  8 24  9 36  0 48  6 16 30 34  4 48 34 41 35 28 42  3 19 
38 37 48 46  7 30  4  7 21 48 18 25 18 24 27 36 21 19 29 30 16  7 20 35 10 43 21 50 44 28 18 18  9  5 43 42  4 37 25 46 30  8 48  8 40 19  4  8  6 15 33 48 21 46  6  3 25  7 34 49 19 21 39 43 46  1 14  4 37 17 28 44 31 41 39  3  8 14 26 38 26 36  4 25 31 48  0 33 34 17 17 24 45 41 37 49 25 18 49 38 
38  9  9  2 26 40  8 42 42 23 38 29 32 11 48 43 49 44 28 44 28 39 33 12  6  4  2 10 33  3 20 13 30 15 33 46 44 45 34 24  6 27  5 19 16 29  3 12 26 19  3 10 37 17 36  7 24 48 18 20 10 48 29 26 23 41 37 40 17 33 50 28 41  4  1 48 16 24 26  4 46 20 49 41 40  6 33  0 45 36 40  6 47 11 25 32 46  2 23  3 
43 20 41  1 15 39 30 16 17 17 12 19 36  2 28 39 30 24 49  4 10 42  3  9 42 25 17 23 40 50 30  4 43 12  7  9 47 17 37 25 13 11 44  6 13 39 36 17 19 33  2 28  6 47 30 28 20 39 32 48 39 20 40 30 36  2 34 20 15  1 10 17 22  1 40  8 46 40 27 37  9  1  2 37 36 16 34 45  0  2 46 32 15 47 24 18 20  8  8 11 
20 13 41 30 30 14  2  7 47 37 12 25 31  6 13 50 17 38 30 16 42 11 33 32 20 48 36 34 19 38  6 22 39 33 31  7 13 49 23 14  8 29  3  5  5 43 48 18 22 40 29 14 17 22 43  1  8 38 43 45 25 27 41 38 22 37 11 39 34 21  6 29 11 24 27 33 26 32 44  2 45 43 37 21  4 30 17 36  2  0 18 24 47 39 38 27 30  1 46 24 
40 13  3  6  3 28 25 29 33 39 35 34  7 24 31  6 47  5 13 26 34 36 37 13 41 27  9  8 14 29 37  9  5 10 31 22 49 10 38 41 43 44 10 45 23 49 15 50 45 27 11  7 36  8 48 19 46 27 25 28 34 31  3 41 36 11 26 24 42 32 27 40  4 24 45 15 27 43  4 16 25  3 12 34  9 34 17 40 46 18  0 50 21 18 10  6 45 30 46  2 
45 40 17 10 46  9 30 46 33  6 45 11 35 16 41 17 15 50 21 49 10 38  8 27 34 26 34  5  8 28  4  1 14 34 46 35  1 18 18 23 48 10 12 13 37 27 46 28 31  6 12  3 48 19 45 37 50  6 40 43 49 38 15 11 12 39 48 15 42 30 23 38 17 49 20 18 38 43 34 41  1 24 32 26  8  4 24  6 32 24 50  0 46 13 20 32 26 33 30 22 
40  9 44 15 10  2 14 20 47  6  5 49 25 48 10 18 13 48 46 29 12 19 10 29 34 43 22 46 40  9 28 12 13 35 11 35 28 20 44  6 23 48 48  1 23  8  8 22  1 50 49  6 18 38  5 14  3 32 22  8  6  9 29  6 23 48 43 13 13 48 27 24 44 44 35 41  7 28 46 47 23  1 13 35  6 48 45 47 15 47 21 46  0 10 17 38 14  9  3 33 
27 36 47 37 35 47 28  7 37 10 49  1 12  1 44 15 35 33 11 44 41 44 27 50 27 20  4 28 38 43 32 30  3 46 17 49 30 38 33 42 39 25 47 16 49 32 36 43 49 22 14 33 37 30 30  5 34 49 25 20 30 29 14 18 33  3 26 28 16 10 22 37 43 14 14 47 20 11 27 28 15 21 21 42 24 34 41 11 47 39 18 13 10  0 36 40  3  4  2  3 
40 34 20 32 13 22  8 26 27 16 45 17  5 17 43 49 36 31 21 42 44 43 12 32 26 25 25 17 21 32 10 48 46 46 35 47 50 21 43  1 39 19  8 15 49 34 26 15 20 44 16 22 12 46 48 47 29 42 26 11 21 23 15  5 32  6  1 26 31  2  8 49 20 17 17 49  3  9 28 44 44 38 44 40 27 41 37 25 24 38 10 20 17 36  0 10  3  4 14 24 
 4 47 39  3 16 18 34  6 14 15 36 50 26 30 36  4 44  8 41  3 18  3  9 33 44 23 30  1 44 49 30  8 36 25 28 37  6 36 47 13 32  8 25 18  7 14 13  1 31 16 21 28 23 29  8  2 43  3 13 31 11 35 27 12 11 14 31  3  6 25 13 41 23 49  5 45 39 28 43 27 47 32  4  2 38 35 49 32 18 27  6 32 38 40 10  0 13 31 37 41 
33 21 48 21 50 28 30  1 33 21 46 18 43 38 18 25 34  6 15 36 36 40 38 24 12 43 36 10 23 50  3 12  3 13 44 26 41 25 36  1 44  9 19 13 24  8 33 16 49 28 28 18 14 32  6 48 42 23  1 34 33 10 12 37 27 48 28 47  4  3 13 37 46 50 26 45  9 39  6 50 21  6  9 16 15 28 25 46 20 30 45 26 14  3  3 13  0  6 22  2 
15 22 40 36  2  2 19 39 27 20 44 12 42 22 13 18 40 46 38 26 14 34  9 19 18  1  8 27 38 38 30 25 25  9 38 45 39  7  8 31  1 43 38 44 26  5 27 32 24  7  1 12 31 18 33 39 49  7  4 11  2 46 21 49 30 42  8 18  1  2 23 41 16  5  7  1 27 17 33 11 41 36  1 20 49 42 18  2  8  1 30 33  9  4  4 31  6  0 40 21 
17 48 30  2 15 47 31 44 20 46  2 25 24 35 41 17 39 21 42 19 23 49 26 50 21 21 10 32 42  9 47 33  6  9  3 36 25 11 44 50 31 24 13  5 32 41 23 18 24 33 24  4 27 10 18 25 48 43 10 20 10 33 19  6 48 10  2 45 15 21 36 41 20 23 26 39 25 40 26 50 35 50 11 45 31  3 49 23  8 46 46 30  3  2 14 37 22 40  0 33 
17 13  9 46 41 42  5 35 13 16 22 12 50 36 46 18 28 46 40 16 22 38  5 17 18 34 21 28  9 18 36  2 21  6  4 45 47 48 26 17 47 10 25 36 19 11 49 14 32 25 41 31 43 47  1 10 15 30 33  2 45 49  3 31 35 44 42 29 22  8 31 30 27 10  6 29  4 31 30 27 15 19 17 37  8 19 38  3 11 24  2 22 33  3 24 41  2 21 33  0 

 0 30 17 37 16 23 48 27 14  8 12 19 37 43 23 15 34 33 26 34 36  4 37  7 29 34 28 22 46 19 46 38 39 23 37 16 19 48 29 34  5 21 37 47 13 43 41 37 24  8 15  4 12 31 37 26 21  2 22 44 49 48  6 15 17 48 23 50 33 40 39 22 47 22 33 36 22 29 10 33 48 20 39  4  5 16 11 27  8  3 38 28 12 23 17 42  7 24  6  5 
30  0 15 27 10 27 46 48 27 46 37 26  9 12 26 39 10 28  9 45 49  1 30 42 37 45 13 38 14 26 12 25 31 48 20 33 24 25  4 46  4 20 31 31  5 50 43 49 35 20 48 30 12 10 30 27 41 41 33 20 41 38  7 48  7 32 26  7 13  7  5 49  8 14 40  1 39 11 30 47 18 37 43 22 28  2  9 29 33 22 13 24 50  3  9 27  8 37 39  7 
17 15  0 42 29 35 48 40 28 32 24 44  2 18 27  3 22 20 14 32 44 10  6  8  2 18 48 34  6 30 36 32  2 39 24  6 42 10 41 31 39 22 34 40 43 24 15 31 29  4 25  6 38  3 48 45 36 14 46 49 17 40  2 31 26 36 43 36 47 38 41  4  8  6 31 22 11 17  4 20 24 42 45 41 14 49 36 13 46 36  1 22 39 48 38 36 24 26 19  6 
37 27 42  0 29  4 49  8 45 26 39 13 16  4 35  5 19 34 47 35 41 13 38 45  5 44 32 47 38 32 16 12 36 18 33 32 17 32 13 12 35 16 34 17 44 30 34 15 46 24 20 29 16 26 37 26 38 10 17 38  6  9 28 46 38 19  4 24 39 29 30 39  4 43 43 12 16 18 18 39 17 46 43 23 21 34 14 29 17  9  6  7 40 48 14 35 49 32 36 44 
16 10 29 29  0 45 34 12  9 40  7 24 26  2 49 23 45 33  8 36 13 17 37 11 32 37 49 33 13  8 20  5  4 31 32 24 16 47 27 31 13 30 50  8 23 37 32 49 18 36 42 20 33 14  9 12  2 15 38  3 15 23 24 31 38 25 29 14  6 18 47 32 49 28 20 22 38 23  6 44 14 49  9 17  7 36 16 37 48 47 22 49 27 47 43 22 46 28 44  9 
23 27 35  4 45  0 20 42 32 41  7 24 31 35 22 18 28  3 49 20  2 22 18 33 28 47 15 46 49 20 43 33 21 25 29 48 49 33 43 25  3 28 29 39  4  3 12 32 26 17 17 34 10 19  3 34 46 23 45  9 12 24 40 39 43 41  4 34 14 38 36 35 14 33  6 10 49 11 17 22  2 33 33 12 26 12 28 29 31 47 46 13 19 23 49 49 20 26 20 37 
48 46 48 49 34 20  0 38 39 14 35 48  6 11  7  6 31 37 12 33 50  1  9  4 35 48 25 18 44 34 14 40  8 20 37  8 38 15 34  9 31 27 20 18  4 48 43 15 10 50 20  7 50 24 17 39  4 29 47  6 40  5 20 10 30 42 37 31 25  2 33  5 47  7 28 37  1 12 12  9 27 39 18 15 25 37 24  8 36 28 32 28 17 18 37 41 39 18 33 46 
27 48 40  8 12 42 38  0 37 29 25 43  4 24 26 23 40 16 34 21  6 43 19  2 25 42 21 41 23 10  8 41 35  4 46  6 43 14  9 10 31 32 38 40 13 12 12 36 40 45  4 21  7 45 17 29  5 28  1 43  5  6 40 16 34 43 18  1 11  7 16 26 12 32 24 41 40  4 24 23 34  6 16 30 41 19  1  6 15 44  3 18 21 15 23  9 10 25 13 22 
14 27 28 45  9 32 39 37  0 45 45 27 21  5 19  1 12 18  9 25 14 35 10 39 13 44 29 48 17 16 43 15 28 35  6 29 25 19 30  9 18  5 46  6 34 29 22 11 30 37 20 40 37 16 49 10 29 20 36 46 12 28 12 39 20  1 49  4 20 33  1 24 19 40 44 13 43 32 23 40  7 29 50 36 27  9 25 26 34 47 41 23 50 22 25 50 41 13  8 24 
 8 46 32 26 40 41 14 29 45  0 13 43 50 36  4 45 37 26 45  1 30 32 13 35 34 20 31 25  1 21 44 11 24 41 20 10 26 17  2 18 22 18 12 20 21 32 16 39 49 11 32 16 25 47 33 13 50 27 29  8 25 28 31 12 14  5 48  1 34  4 37 22  4 21 31 36 24  4 19 10 37 29 36 39 28  9 33  6 24 24 13 19 13  3  4 36 16 28 28 15 
12 37 24 39  7  7 35 25 45 13  0 13 45 15 10 24 30 24 36  2  3 21 31  2 25 10 20 44 25 44 26 39 34 21  7 11 30 32 44 24 31 26 31 41 18  8  4 27 11 11 16 21 25 40 30 29 32 20 36 49 30 13 33 12 41 29 47 40 25  8 29 27  5 47 11 33  6 11 14 34 24 43  4 23 46 17 21  9 23 13 21 29  2 33 29  9 21 41  5 40 
19 26 44 13 24 24 48 43 27 43 13  0 47 46 25 21 23 18 31 27 42 41  8  5 20 25  8  9  9 31 46 16  9 10 26 33 35 44 17  3 22 27 10 48 24 31 23  6 44 25 30 21 24 28  5 44  4 39 32 20 41 19 37 48  4 20  1 12 13 19 14 37 18  1 30 25 19 39 19 16 29 11 42 48 50 49  6 43  5 46 29 49 14  8 20 38 20 23 27 46 
37  9  2 16 26 31  6  4 21 50 45 47  0 14  3 34 32  3 37 19  8  7 47  3 38 15 13 21 47 14 24 21 22 31  9 29 21 13 33 13  3 47 20 40 25  9 17 15 35 26 11 26 20 33 12 27  4 46 16 13 33 27  2 11  9 38 38 31 22  8  6  6 14 33 23 13 37  4  7  7 37 14 37 24  1 38 20  8 30 39 21 19 43 17 19 10 46 23 22 17 
43 12 18  4  2 35 11 24  5 36 15 46 14  0 29 33 29  2 19 35 19 20 13 19  6  2 23 32 22 18 35 34  4  4 42 12 28 17 39 49 29 22 21 46  4 32 29 23 40 25 47 20 42 14 21  7 29 11 44 18 18 26 50 40 14 27 28 44 39  4  5 16  9 43 21 31  1  1 23 48 29 50 14 50  6 37 33 30 24  4 30 43 25 11 43 49 13 16 23 40 
23 26 27 35 49 22  7 26 19  4 10 25  3 29  0 34 28  6 23 32 45 25 23  4 25 41 24 23 11 14 14 28 39 21 47 41  2 44 11 41 20 32 13 49  2 28 37 44  3 16 14 24 28 43 13  1 43  2 38  7 38 15 49 31 31  6 24 28 33  3  1 24 24 46 39 21  3 20 21  9 20 36 27 39 19 36 14 27 10 45 17  5 49 31 28 43 15  7 19 28 
15 39  3  5 23 18  6 23  1 45 24 21 34 33 34  0 44 45 37  9 36 34 39  2 44 18 44 26 30 45 46  2 14  5 39 44 23 37  5 39 28 50 15  1 37 45 38 29 37 23 10 46 27 12 43 49 27 45 12 39 17 17 27  1 44 25 42  9 28  9 42 41  8 30  7 46  6  3  8  8 50 21 39 40 15 31  8 39 34 45 16 25 45 40 13 12 32 17 37  5 
34 10 22 19 45 28 31 40 12 37 30 23 32 29 28 44  0 26 48  7 33 15 48  3 29 27 42 10  8 23 27 16 49 27 11 35 48 28 45  3 21 50 14 21 36 32 28 44 12 40 10 23 35 44 32  4  3 28 16 15 29 17 35 24 33 32 34 46 19 35 37 18 35 36 28  4  5 14 22 32 47 40  8 34 35 40 49 47 43 32 28 33 28 20 38 14  5 14 33  9 
33 28 20 34 33  3 37 16 18 26 24 18  3  2  6 45 26  0 10 11 50  8 28  3 42 13 38  8 11 49 42 30  7 47 14 11 36 43 23  8 28 39 47 45  9  2 25 13 17  9 32 29 46 16  3 17 48 39 32 25 45 33 23 39 38 19 15 44 25 19 31 26  7  4 10 24 12 30 29 33 48 29 22 46  5  1 45 42  3 29 20 19 16 44 13 12 41 18 48 43 
26  9 14 47  8 49 12 34  9 45 36 31 37 19 23 37 48 10  0 44 15 48 23  2 42 20  4 19 48 20 34  9 30 14 45 26 12  9 24 27 19 18 39 12 11  2  2 39 25  7 43 26  4 30  9  9 30  2 38 10 39 30 13 21 44 43 21  6 41 19 18 11 11 27  6 41 42 31  4 36 35 11 28 31 13 43 14 15 41 25 17 47  6 46 16  6 26 39 11  2 
34 45 32 35 36 20 33 21 25  1  2 27 19 35 32  9  7 11 44  0 48 33 29 41 17 43 30 26  1 16 35 24 15 31 21 35 14  1 17 10 27  6 11 24 27 31 29 25 46 14 10 26 30 37  7 45 10 26 34 30 24 15  7 14 25 32  7 32 17 25 15  9 46 43 41 35 21 21 18 36 22  7 50 18 28 18 47 40  2 29 43 11 21 48 45 33 50 25 50  2 
36 49 44 41 13  2 50  6 14 30  3 42  8 19 45 36 33 50 15 48  0 25 45 33  9 24  2  3 23 12 46 37 36 27 19 34 46 21 26 17  2 10 34 18 13 48 15 46 33 12 50 36 28 45 34  7 23 16 21 22 20 42 26 15 17 16 13  4 10 50 39 32  8 45 19 38 24 34  8 43 47 45 46  3 12 33 41 38 27 10 31 21  4 25 46 41 13 10  2 17 
 4  1 10 13 17 22  1 43 35 32 21 41  7 20 25 34 15  8 48 33 25  0 43  6 40 24 20 13 18 16 10  6  8 11 17  9  5 18 28 14 15 35 28  3 25 16  5 34  2  7  7 29 29 26 42 18 23 18 11 36 44  4 44 45 42 50 41 38 47  9  2 37 10 11 12 13 45 31 28 23 44  7 35 11 46 35 40 27  9  7 13 48 32  1  7 39 21 36 28 12 
37 30  6 38 37 18  9 19 10 13 31  8 47 13 23 39 48 28 23 29 45 43  0 32  9 35 18 29 21  1 33 48  9  8 37 31  4 23 25 24 39 25 25 11 44 29 43 36  5  1 24 32  6 15 47 14 24 49 26 45  2 38 46 15 39 13 28 26 48 22 11  7 39 13 11 31 25  5 31 41 46  9 20  2 11 17 17  7  9 33 36 45 34 29  4 47  4 35 28 12 
 7 42  8 45 11 33  4  2 39 35  2  5  3 19  4  2  3  3  2 41 33  6 32  0 44 21  5 15 23 22  3 33  8 17 34 14 17 45 34 43 31 42 27 24 39  3 38  4 30 44 18 33 28 45 19 18 26 11 13  1 20 26 37  3 40 36 23 41 28 50 12 24 31  8 20 21  4 39 46 16  9 15 43  4 39 40 43  1 30 16  7 38 47 38 24 16 28 44 46 31 
29 37  2  5 32 28 35 25 13 34 25 20 38  6 25 44 29 42 42 17  9 40  9 44  0  5 21 20 46 14 46 33 42 18 28 10 11 50 19  9 35 35 11 27  6 39 23 16 44 29  2 44 28 40 26  3 29 48 43 42 20 21  9 47 49 30 31 38 16 45 28 10 26  4 15 27 18  4 29 47 12 42 43 11 22  6  1  5 50 12 41 11 45 42 48 40 18  9 12 34 
34 45 18 44 37 47 48 42 44 20 10 25 15  2 41 18 27 13 20 43 24 24 35 21  5  0 18 42 43 26 40 37 26 15 46 14 14 40 14 37 12 19 20  6 15 18 38 40 48 45 45 28 35 23 40 12 34 37 36 45 16 19  9  7 27 31 35 37  5 27 50  6  7 13 38 40 15 13 28  8  9 18 44 30  7 18 31  8 22 12 44 17 32  3 46 21 10 11  2 36 
28 13 48 32 49 15 25 21 29 31 20  8 13 23 24 44 42 38  4 30  2 20 18  5 21 18  0 22 34 26  2 45 20  3 45 23 20 46  5 25 24 15 36  7 20  8 21 20 27 25 18 38 14 10  6 46 45 10 18 39 36  8 21 31 17 15  3 31 35 26 17 42 24 44 13 37 39 48 11  2 25 28 13 11 34 11 33 15 11 38 27 46 38 49 26 49 39 34 26 37 
22 38 34 47 33 46 18 41 48 25 44  9 21 32 23 26 10  8 19 26  3 13 29 15 20 42 22  0 13 17 41  8 27 49  6 16 41 10 25 32 29 10 40 29  4 38 44 44 21 22 33 27 39 17 35 20 48 37  3 36 29 14 22 48  7 44 46  9 38 44 31 26 34 26 25 20  5 40 45 16 40 19 40  9 11 19 39 29 33  8 10 38 29 48  7 19 39 32  5 11 
46 14  6 38 13 49 44 23 17  1 25  9 47 22 11 30  8 11 48  1 23 18 21 23 46 43 34 13  0  1 50 44 47 36 15 38 18 30  1  5 30 31 37 15  4 22 49 43 48 10 18 48 13 32 22 10 39 28 15 42 17 21 18 48  7 48 24 13 35 23 17 49 24 38 15 12 42  5 32 38 17 32 39 10 44  6 45 11 46  7 38  3 33 13 10 21 16 30  4 25 
19 26 30 32  8 20 34 10 16 21 44 31 14 18 14 45 23 49 20 16 12 16  1 22 14 26 26 17  1  0 42 14 49  5  2  6 41 45 49 41 23 22 29  7 10 13 50 22 49 21 14 10 17 13 37  9 31 12  8 23 36 30 12 41 40 35 13  1 50 14 12 20 29 10 28 41  7 33 12 30 50 23 20 21 19  9 49 20 27 43 25 50 13 30 25 38 32 41 12 10 
46 12 36 16 20 43 14  8 43 44 26 46 24 35 14 46 27 42 34 35 46 10 33  3 46 40  2 41 50 42  0 29 47 38 21 43 40 18 19 47 49 10 19 39 37 44 29 10 42 39 26 12 37 44 37 39 49 36 22 17 22 46 33  6 29 43 48 26 47 48 43 46 12 17  7 29 21 40 33 49 13  9 32 36 25 18 42 15  8 13  6 21 35  7  4 30 33 14 38 15 
38 25 32 12  5 33 40 41 15 11 39 16 21 34 28  2 16 30  9 24 37  6 48 33 33 37 45  8 44 14 29  0 25 37 44 10 34 28 39 13 19 18 34 45 13  1 25 11 25 23 19 21 46 18 17 43 20 16 38 13 13 30 12 48 28 15 12 37  6 36 11 33 40 13 38 24 37 17 35 48 49 31 38 35 40  2  3 10  8 42 23 26 38 32 36 32 11 30 19 24 
39 31  2 36  4 21  8 35 28 24 34  9 22  4 39 14 49  7 30 15 36  8  9  8 42 26 20 27 47 49 47 25  0  4 38 12  9 14 16 14 29 37 26 14 33 32 44 11 18 47 46 12 42 19 31 11 23  4 30  9 32 50  8 43  3 22 27 35 16 29 38 34 19 38 41 17 48 18  3 50 49 45 49 11  5 39 15 24 43 41 43 19 24 10 10 36  1 23 47 35 
23 48 39 18 31 25 20  4 35 41 21 10 31  4 21  5 27 47 14 31 27 11  8 17 18 15  3 49 36  5 38 37  4  0 22 20 34 35  5 22 14 35 22 12 36 21 44 10  3  5  2 16 30  1 31 48 32 36 39 20 17  4 47 44 38 24 45 20 34 16 48 26 25 25 29 10 11 11 21  3 43 32 24 32  9 38 17  2 15 44 19 45 16 42 16 24 50  5 29 47 
37 20 24 33 32 29 37 46  6 20  7 26  9 42 47 39 11 14 45 21 19 17 37 34 28 46 45  6 15  2 21 44 38 22  0 43 44 15 40 44 25  6 33  9  6 47 25 16 37 25 10 32 14 40  5 15 34 20 50 10 23 10 48 47 22 40  3 31 40 15 43 44 33 25 16 34 40 13 45 45 20 46 17 43 31 15 26 24  1 40 49 48 17 48 18 32 15 35 20  2 
16 33  6 32 24 48  8  6 29 10 11 33 29 12 41 44 35 11 26 35 34  9 31 14 10 14 23 16 38  6 43 10 12 20 43  0 42 31 14 32 46 42 44 22  3  6 11 10 22 24 44 45 33  2 48 16 47 28 49 20 25 30 39 11 36  8 29 19 34  9 28 41 18  2 42 50 16 48 16  5 32 19 47 38 26 36 20 38 24 14 32 29 33 48 46 32 35 20 25 44 
19 24 42 17 16 49 38 43 25 26 30 35 21 28  2 23 48 36 12 14 46  5  4 17 11 14 20 41 18 41 40 34  9 34 44 42  0 30 49 11 12 13 38 35  8 16 37 37 44 20  6 47 35 12 43 22 35  4 48 42 26  8 44 21 44 17  5 49 22 33  1 48  1  4 24 13 43 49  7  7 38 48 20 31 17 27 13 35 17 22 29 21 41 24 38 26  5 24 22  4 
48 25 10 32 47 33 15 14 19 17 32 44 13 17 44 37 28 43  9  1 21 18 23 45 50 40 46 10 30 45 18 28 14 35 15 31 30  0 22 21  2 20 12 23 30 20  1 31 30 23 32  2 29 18 24 12  9 31 30 25 21 46 44 37 41 31 19 24 49 30 20 28 26 49 45 44 24 21 43 14 32 10  7 11 37 20 47 37 25 14  3 41 42 17 40 31 41 21 16 14 
29  4 41 13 27 43 34  9 30  2 44 17 33 39 11  5 45 23 24 17 26 28 25 34 19 14  5 25  1 49 19 39 16  5 40 14 49 22  0  9 12 31  3 29 39 10 24 48 18 39  9 14  6  7  4 18 37 43 19 36 27 14 16 42 48 13 14  8 47 41 34 47 23  7 13 29 27  5 22 41 36  2 31  7  5 21 41  7  5 17 42 33 39 25 27 39 29 10 17 18 
34 46 31 12 31 25  9 10  9 18 24  3 13 49 41 39  3  8 27 10 17 14 24 43  9 37 25 32  5 41 47 13 14 22 44 32 11 21  9  0 47 14 43 23  9 11 35 36 29 48 16 12 12 21 29 43  1 19 40 31 46 28 24  2 38 32 15 22  5  9 39 31 39 37 34 33 46 45  1 35  4 15 38 40 18 27  8 33  6  2 14 36 29 13 19 11  7 48 38 29 
 5  4 39 35 13  3 31 31 18 22 31 22  3 29 20 28 21 28 19 27  2 15 39 31 35 12 24 29 30 23 49 19 29 14 25 46 12  2 12 47  0 26 43 17  6 33 18 15 16 49 15 21 19 45 17 36 40 14  4 39 45 24 20 20 33 49 48 20 32 10 26 33  8 38 33 29 28 36 11 20 49 43 32 24  2 12 37 24 37  1 31 40 24  7 35 32 15  1 27 33 
21 20 22 16 30 28 27 32  5 18 26 27 47 22 32 50 50 39 18  6 10 35 25 42 35 19 15 10 31 22 10 18 37 35  6 42 13 20 31 14 26  0 36 44  1 20 20 36 22  4 23 39 10 19 31 16 34 35 12 20 15 24 37 43 20  8 24 45 20 47 46 24 21 37 17  7 23 11 23 26  7 19 27 48 32  6 18  1 33 33 29 43 38 42  9 16 15 23  2 15 
37 31 34 34 50 29 20 38 46 12 31 10 20 21 13 15 14 47 39 11 34 28 25 27 11 20 36 40 37 29 19 34 26 22 33 44 38 12  3 43 43 36  0 33 15 23 23 39 21 15 39 39 16 23 33 24 14 23 36 39  4 13 27 10 32  4 34 24 15 11 43 49 20  8 16 35  2 20 34 25 33 37 12  1 44 16 25 22 36 23 11 25 41 18 15 42 27 33 24  1 
47 31 40 17  8 39 18 40  6 20 41 48 40 46 49  1 21 45 12 24 18  3 11 24 27  6  7 29 15  7 39 45 14 12  9 22 35 23 29 23 17 44 33  0  4  8 43 34 21  4 40 34 40 32 41 35 38 11 21  8 12 26 32 38  2  8 25 24 15 36 13 36 14 28 48 39 14 18 48 49 36 10 47 50 50 39 11 34 27 27 44 43 46 10  1 35 14 35 15 39 
13  5 43 44 23  4  4 13 34 21 18 24 25  4  2 37 36  9 11 27 13 25 44 39  6 15 20  4  4 10 37 13 33 36  6  3  8 30 39  9  6  1 15  4  0 49  4 11 48 17  3 49 10 16 28 39 11 33 19 47 16 43  7 38  1 35 31 25 21 24 27 15  1 48 37 15 23 44 17 15 46 22 22 38 37 42 22 30 46 34 16 31 21  2 25 41 34 15 33  9 
43 50 24 30 37  3 48 12 29 32  8 31  9 32 28 45 32  2  2 31 48 16 29  3 39 18  8 38 22 13 44  1 32 21 47  6 16 20 10 11 33 20 23  8 49  0  5  3 35 50 16 10 27 50  6 35 41 32 36 26 41 39 35  7 22  2  5 43 36 21 22 50 25 48 37 23 22 38 36 20 23  8 38  6 35 28 47 12 29 47 46 16 11  5 44 18 17 39 34 40 
41 43 15 34 32 12 43 12 22 16  4 23 17 29 37 38 28 25  2 29 15  5 43 38 23 38 21 44 49 50 29 25 44 44 25 11 37  1 24 35 18 20 23 43  4  5  0 20 41 20 34 14 27 18 18  3  9 25 27  1 36 21 24 41 47 19 39 38  3 43 38 48  1 39 10 29 42 40 17 17 48 20 26 20 14 45 15  4 12 25  5 19 20 49  9 23 13 34 26 47 
37 49 31 15 49 32 15 36 11 39 27  6 15 23 44 29 44 13 39 25 46 34 36  4 16 40 20 44 43 22 10 11 11 10 16 10 37 31 48 36 15 36 39 34 11  3 20  0 31 38 50 17 33 46 43 24 11 17  4 35 10 43 43  4  2 29  8 39 34 22 49 37 15 35  5 17 38 10  4 40  3 35 49 16 46 32 25 23  2 27 23 13  2 24 40 29 18 20 33  3 
24 35 29 46 18 26 10 40 30 49 11 44 35 40  3 37 12 17 25 46 33  2  5 30 44 48 27 21 48 49 42 25 18  3 37 22 44 30 18 29 16 22 21 21 48 35 41 31  0 34 39 10 27 10 34 17 26 39 33 16 50 22 43 24 48 28 36 34 22  2  5  7 49 29 43  7 12 16 12 33 23  3 35 33 24 29 11 12 43 32 44 12 31 11 19  5 39 38  6  6 
 8 20  4 24 36 17 50 45 37 11 11 25 26 25 16 23 40  9  7 14 12  7  1 44 29 45 25 22 10 21 39 23 47  5 25 24 20 23 39 48 49  4 15  4 17 50 20 38 34  0 40 15  1 24 13 39 42 49  9  8 24  8 13 42 49 26  1 43 14 47 42 32 29 28  7 27  6 39  9 48  8 12 18 20 18 40 33 13 21 45 49 46 30 23 15 11 47 43 37 15 
15 48 25 20 42 17 20  4 20 32 16 30 11 47 14 10 10 32 43 10 50  7 24 18  2 45 18 33 18 14 26 19 46  2 10 44  6 32  9 16 15 23 39 40  3 16 34 50 39 40  0 31 45 23  1 25 43 39 27 16 32 29 13 36 22 41  9 48 33 49 21 45 22 20 12 19 24  8  5 45 35 44 40 19 34 33 30  2  2 22 22 41 37 33 22  3 22 23 13 12 
 4 30  6 29 20 34  7 21 40 16 21 21 26 20 24 46 23 29 26 26 36 29 32 33 44 28 38 27 48 10 12 21 12 16 32 45 47  2 14 12 21 39 39 34 49 10 14 17 10 15 31  0 31  4 28 30 10 23 17 33  9  5  7  1 43 12 42 41  3 38 40  6 18 20 23  4 31 12 16 33 14 12 13 35 19 16 50 27 20 36 11  5 22 21  9 44 37 42  2 19 
12 12 38 16 33 10 50  7 37 25 25 24 20 42 28 27 35 46  4 30 28 29  6 28 28 35 14 39 13 17 37 46 42 30 14 33 35 29  6 12 19 10 16 40 10 27 27 33 27  1 45 31  0  4 23 44 23 20 14 16 23 28 39  8 40 19 13  4 16 11  8 32 33 10 44 17 41  1 46  9 23 45 11 44  4 18 45 41 46 23 30 50  1  1 10 25  3 26  7 47 
31 10  3 26 14 19 24 45 16 47 40 28 33 14 43 12 44 16 30 37 45 26 15 45 40 23 10 17 32 13 44 18 19  1 40  2 12 18  7 21 45 19 23 32 16 50 18 46 10 24 23  4  4  0 32 44  4 28 19 29 31 17 16 16 17 20  3  5 48 16 20 48 21  7  8 45 38 43 19 36  2 23 36 25 27 26 25 16 26 34 28 21 44 22 41 44 16  9 21 33 
37 30 48 37  9  3 17 17 49 33 30  5 12 21 13 43 32  3  9  7 34 42 47 19 26 40  6 35 22 37 37 17 31 31  5 48 43 24  4 29 17 31 33 41 28  6 18 43 34 13  1 28 23 32  0 33  8 36 46 30 39 23 26 13  8 17 20 10 33 32 28 49 14 49 38 24  4 13 14 20 18 48 22 40 15 50  3 11 38 21 29 12 20  9 15 22 49 27 27 21 
26 27 45 26 12 34 39 29 10 13 29 44 27  7  1 49  4 17  9 45  7 18 14 18  3 12 46 20 10  9 39 43 11 48 15 16 22 12 18 43 36 16 24 35 39 35  3 24 17 39 25 30 44 44 33  0 36 49 43  9 50  5 39 48  1 32 30 21 32 22 49 11 17 12 32 48 14 14  8 34 17 47 49 13 33 23 37 48  8 49  5 46  3 49 34  2 35 33 21 46 
21 41 36 38  2 46  4  5 29 50 32  4  4 29 43 27  3 48 30 10 23 23 24 26 29 34 45 48 39 31 49 20 23 32 34 47 35  9 37  1 40 34 14 38 11 41  9 11 26 42 43 10 23  4  8 36  0 38 34 36 16  7 24 35 32  9  9 25 42 13 47  9 34  6 31 16 36 24 14 32 23 50 42 21 37 11 35 45 28 19 15 22  4 39 38 19 39 29 45 27 
 2 41 14 10 15 23 29 28 20 27 20 39 46 11  2 45 28 39  2 26 16 18 49 11 48 37 10 37 28 12 36 16  4 36 20 28  4 31 43 19 14 35 23 11 33 32 25 17 39 49 39 23 20 28 36 49 38  0 12  1 41 18 27  5  6 26 21 41  1 41  6  2 44 43 40 10 14 49  3 27 26  6 24 19 37 25 24 17 29 46 34 24 44 22 24 23 35 41 11 44 
22 33 46 17 38 45 47  1 36 29 36 32 16 44 38 12 16 32 38 34 21 11 26 13 43 36 18  3 15  8 22 38 30 39 50 49 48 30 19 40  4 12 36 21 19 36 27  4 33  9 27 17 14 19 46 43 34 12  0 50 45 28 20 45  1 33 46  9 10 47 36  6 10 21 32 31 13 37  2 25 18 49 32  3 16 47 40 29 45 29  1 37 17 27 23 19  3 13  9 19 
44 20 49 38  3  9  6 43 46  8 49 20 13 18  7 39 15 25 10 30 22 36 45  1 42 45 39 36 42 23 17 13  9 20 10 20 42 25 36 31 39 20 39  8 47 26  1 35 16  8 16 33 16 29 30  9 36  1 50  0 46  5 23  6 12 40 35 18 48 34 24 38  4  8  5 31 18 37 39 29  1 14 48 14 34 41 40 14 37 21  9 17 39 23 41 16 15 31 16 15 
49 41 17  6 15 12 40  5 12 25 30 41 33 18 38 17 29 45 39 24 20 44  2 20 20 16 36 29 17 36 22 13 32 17 23 25 26 21 27 46 45 15  4 12 16 41 36 10 50 24 32  9 23 31 39 50 16 41 45 46  0 20  7  9 21 31 23  6  9 19 30 32 27 33 30  9 29 21  8  9 39  3 12 39  1 39 36  7 17 28  3 45  5  9 16 50 18 27 21  6 
48 38 40  9 23 24  5  6 28 28 13 19 27 26 15 17 17 33 30 15 42  4 38 26 21 19  8 14 21 30 46 30 50  4 10 30  8 46 14 28 24 24 13 26 43 39 21 43 22  8 29  5 28 17 23  5  7 18 28  5 20  0 13  8 23  9  8 11 16 13 13  4 34 27  1 11 33  4 47 28 17 22 46 39 39 16  3 41  9 29 49 50 24 25 10 21 30 27 12 48 
 6  7  2 28 24 40 20 40 12 31 33 37  2 50 49 27 35 23 13  7 26 44 46 37  9  9 21 22 18 12 33 12  8 47 48 39 44 44 16 24 20 37 27 32  7 35 24 43 43 13 13  7 39 16 26 39 24 27 20 23  7 13  0 35 47 26 43 42 50 41 22 28  6 36 36 38 31 33 37 44  7 30 28 30 44  8  4 26  3 23 15 17 40 24 44 17 30 12 15 31 
15 48 31 46 31 39 10 16 39 12 12 48 11 40 31  1 24 39 21 14 15 45 15  3 47  7 31 48 48 41  6 48 43 44 47 11 21 37 42  2 20 43 10 38 38  7 41  4 24 42 36  1  8 16 13 48 35  5 45  6  9  8 35  0 23 43 34 24 38 24  6 11 47 28 17 27 33 44 27 37 23 46  8 25 13  3 36 20 27  8 45 32 36 15 46  7 45 16 37 23 
17  7 26 38 38 43 30 34 20 14 41  4  9 14 31 44 33 38 44 25 17 42 39 40 49 27 17  7  7 40 29 28  3 38 22 36 44 41 48 38 33 20 32  2  1 22 47  2 48 49 22 43 40 17  8  1 32  6  1 12 21 23 47 23  0 29 12 13 22 41 43  1 17 31 22 46  2 20 38 46 37 28 13 19 11  1  6 49 22 48 27 32 20  5 45 15 31  4 18 28 
48 32 36 19 25 41 42 43  1  5 29 20 38 27  6 25 32 19 43 32 16 50 13 36 30 31 15 44 48 35 43 15 22 24 40  8 17 31 13 32 49  8  4  8 35  2 19 29 28 26 41 12 19 20 17 32  9 26 33 40 31  9 26 43 29  0  9 33  8 15 33 12  3  6 39 22 14 34 10  4 11 25 17 18 12 19 19 36 23 41 44 49 25 12 32 15 35 33 46 49 
23 26 43  4 29  4 37 18 49 48 47  1 38 28 24 42 34 15 21  7 13 41 28 23 31 35  3 46 24 13 48 12 27 45  3 29  5 19 14 15 48 24 34 25 31  5 39  8 36  1  9 42 13  3 20 30  9 21 46 35 23  8 43 34 12  9  0 32 15 31 27 27 38 47 34 35 24 49 12 41  4 22 14  4  9 29 17 24 45 16 24  1  3 33 45 46  6  6 14 18 
50  7 36 24 14 34 31  1  4  1 40 12 31 44 28  9 46 44  6 32  4 38 26 41 38 37 31  9 13  1 26 37 35 20 31 19 49 24  8 22 20 45 24 24 25 43 38 39 34 43 48 41  4  5 10 21 25 41  9 18  6 11 42 24 13 33 32  0 47 29 42 12 17 19 27 28 21  5  6  2 50 17 33 21 50 22 23 21 50 37 22 34  4 24 49 23  1 13 44 10 
33 13 47 39  6 14 25 11 20 34 25 13 22 39 33 28 19 25 41 17 10 47 48 28 16  5 35 38 35 50 47  6 16 34 40 34 22 49 47  5 32 20 15 15 21 36  3 34 22 14 33  3 16 48 33 32 42  1 10 48  9 16 50 38 22  8 15 47  0 10 31 22 12 31 42 21 29  6  3 17 40 29  4  3 16 13 50 13 40 14 36 14 32 46 34  1 22 26  9 35 
40  7 38 29 18 38  2  7 33  4  8 19  8  4  3  9 35 19 19 25 50  9 22 50 45 27 26 44 23 14 48 36 29 16 15  9 33 30 41  9 10 47 11 36 24 21 43 22  2 47 49 38 11 16 32 22 13 41 47 34 19 13 41 24 41 15 31 29 10  0 21 20 40 19 20  3 31 13 48 33  8 19  5  6 45 44 42 33 30 11 36 27 40 16  3 42 29 37  2  9 
39  5 41 30 47 36 33 16  1 37 29 14  6  5  1 42 37 31 18 15 39  2 11 12 28 50 17 31 17 12 43 11 38 48 43 28  1 20 34 39 26 46 43 13 27 22 38 49  5 42 21 40  8 20 28 49 47  6 36 24 30 13 22  6 43 33 27 42 31 21  0 48 30 28 19 33 40 36 49 36  9  2  8 32 31  9 37 34  5 21 31 30 23 45 23 35 25 21 47 38 
22 49  4 39 32 35  5 26 24 22 27 37  6 16 24 41 18 26 11  9 32 37  7 24 10  6 42 26 49 20 46 33 34 26 44 41 48 28 47 31 33 24 49 36 15 50 48 37  7 32 45  6 32 48 49 11  9  2  6 38 32  4 28 11  1 12 27 12 22 20 48  0 23 32 33 19 32 33 27 25 24  9 19 12 36 20 23 49 49 11 43 27 29 39 36 31 50 13 20 11 
47  8  8  4 49 14 47 12 19  4  5 18 14  9 24  8 35  7 11 46  8 10 39 31 26  7 24 34 24 29 12 40 19 25 33 18  1 26 23 39  8 21 20 14  1 25  1 15 49 29 22 18 33 21 14 17 34 44 10  4 27 34  6 47 17  3 38 17 12 40 30 23  0 30 24 17 26 16 26  1 33 12 21 37 20 15 13  9 15  5 17 28 50 11 47 33 22 29 16  7 
22 14  6 43 28 33  7 32 40 21 47  1 33 43 46 30 36  4 27 43 45 11 13  8  4 13 44 26 38 10 17 13 38 25 25  2  4 49  7 37 38 37  8 28 48 48 39 35 29 28 20 20 10  7 49 12  6 43 21  8 33 27 36 28 31  6 47 19 31 19 28 32 30  0 40 19  1  6 42 27  8 31  6 41 19 19 47 29 27 30 11  6 38 21 30 47 48 19 38 36 
33 40 31 43 20  6 28 24 44 31 11 30 23 21 39  7 28 10  6 41 19 12 11 20 15 38 13 25 15 28  7 38 41 29 16 42 24 45 13 34 33 17 16 48 37 37 10  5 43  7 12 23 44  8 38 32 31 40 32  5 30  1 36 17 22 39 34 27 42 20 19 33 24 40  0 23 16 34 20 43 41 47 25 36 50 35 18 27 22 20 14  8 10 21  9 36 19 16 21 32 
36  1 22 12 22 10 37 41 13 36 33 25 13 31 21 46  4 24 41 35 38 13 31 21 27 40 37 20 12 41 29 24 17 10 34 50 13 44 29 33 29  7 35 39 15 23 29 17  7 27 19  4 17 45 24 48 16 10 31 31  9 11 38 27 46 22 35 28 21  3 33 19 17 19 23  0 50 44 17  1 32 16 33  9  2 24 15 11 30  8 27 15 34 24 42 22 47 50 28 16 
22 39 11 16 38 49  1 40 43 24  6 19 37  1  3  6  5 12 42 21 24 45 25  4 18 15 39  5 42  7 21 37 48 11 40 16 43 24 27 46 28 23  2 14 23 22 42 38 12  6 24 31 41 38  4 14 36 14 13 18 29 33 31 33  2 14 24 21 29 31 40 32 26  1 16 50  0 26  2 31  5 38 18 25  6 14 41 32  7 21 22 13 15 37 36 28  5 27 21 34 
29 11 17 18 23 11 12  4 32  4 11 39  4  1 20  3 14 30 31 21 34 31  5 39  4 13 48 40  5 33 40 17 18 11 13 48 49 21  5 45 36 11 20 18 44 38 40 10 16 39  8 12  1 43 13 14 24 49 37 37 21  4 33 44 20 34 49  5  6 13 36 33 16  6 34 44 26  0  2 26  3 47 23  9 29 39 34 20 42 44 12 28 44 16 18  5 15 46 22 13 
10 30  4 18  6 17 12 24 23 19 14 19  7 23 21  8 22 29  4 18  8 28 31 46 29 28 11 45 32 12 33 35  3 21 45 16  7 43 22  1 11 23 34 48 17 36 17  4 12  9  5 16 46 19 14  8 14  3  2 39  8 47 37 27 38 10 12  6  3 48 49 27 26 42 20 17  2  2  0 47 39 20 27 34 18 27 34  1 48 29 50 13 34 40  6 23 38 39 20 31 
33 47 20 39 44 22  9 23 40 10 34 16  7 48  9  8 32 33 36 36 43 23 41 16 47  8  2 16 38 30 49 48 50  3 45  5  7 14 41 35 20 26 25 49 15 20 17 40 33 48 45 33  9 36 20 34 32 27 25 29  9 28 44 37 46  4 41  2 17 33 36 25  1 27 43  1 31 26 47  0 42 21 48 33 47 14 20 44  5  2 40 43 31 47 50 50 27 23 47 25 
48 18 24 17 14  2 27 34  7 37 24 29 37 29 20 50 47 48 35 22 47 44 46  9 12  9 25 40 17 50 13 49 49 43 20 32 38 32 36  4 49  7 33 36 46 23 48  3 23  8 35 14 23  2 18 17 23 26 18  1 39 17  7 23 37 11  4 50 40  8  9 24 33  8 41 32  5  3 39 42  0 27 30 13 15 49 11 16  3 15 14 43 20 49 14  8 45 25 12 25 
20 37 42 46 49 33 39  6 29 29 43 11 14 50 36 21 40 29 11  7 45  7  9 15 42 18 28 19 32 23  9 31 45 32 46 19 48 10  2 15 43 19 37 10 22  8 20 35  3 12 44 12 45 23 48 47 50  6 49 14  3 22 30 46 28 25 22 17 29 19  2  9 12 31 47 16 38 47 20 21 27  0 26 30 26 23 14 31 37 38 24  4 44 43 15 27 19 37 21 43 
39 43 45 43  9 33 18 16 50 36  4 42 37 14 27 39  8 22 28 50 46 35 20 43 43 44 13 40 39 20 32 38 49 24 17 47 20  7 31 38 32 27 12 47 22 38 26 49 35 18 40 13 11 36 22 49 42 24 32 48 12 46 28  8 13 17 14 33  4  5  8 19 21  6 25 33 18 23 27 48 30 26  0  1 14 41  7 32 19 17 25 39  9 32 37 40  3 44 32 32 
 4 22 41 23 17 12 15 30 36 39 23 48 24 50 39 40 34 46 31 18  3 11  2  4 11 30 11  9 10 21 36 35 11 32 43 38 31 11  7 40 24 48  1 50 38  6 20 16 33 20 19 35 44 25 40 13 21 19  3 14 39 39 30 25 19 18  4 21  3  6 32 12 37 41 36  9 25  9 34 33 13 30  1  0  8  6 34 12  1 39 27 18 44 19 22  5 26  3 37 27 
 5 28 14 21  7 26 25 41 27 28 46 50  1  6 19 15 35  5 13 28 12 46 11 39 22  7 34 11 44 19 25 40  5  9 31 26 17 37  5 18  2 32 44 50 37 35 14 46 24 18 34 19  4 27 15 33 37 37 16 34  1 39 44 13 11 12  9 50 16 45 31 36 20 19 50  2  6 29 18 47 15 26 14  8  0 26 50 32 24 23 22  8 33 15  7 40 42  4 28 27 
16  2 49 34 36 12 37 19  9  9 17 49 38 37 36 31 40  1 43 18 33 35 17 40  6 18 11 19  6  9 18  2 39 38 15 36 27 20 21 27 12  6 16 39 42 28 45 32 29 40 33 16 18 26 50 23 11 25 47 41 39 16  8  3  1 19 29 22 13 44  9 20 15 19 35 24 14 39 27 14 49 23 41  6 26  0 37 49 25  4 41  6 10 43 44  5 22 13 19 30 
11  9 36 14 16 28 24  1 25 33 21  6 20 33 14  8 49 45 14 47 41 40 17 43  1 31 33 39 45 49 42  3 15 17 26 20 13 47 41  8 37 18 25 11 22 47 15 25 11 33 30 50 45 25  3 37 35 24 40 40 36  3  4 36  6 19 17 23 50 42 37 23 13 47 18 15 41 34 34 20 11 14  7 34 50 37  0 33 34 40 44 19 30 39 47 23 18 20 32  1 
27 29 13 29 37 29  8  6 26  6  9 43  8 30 27 39 47 42 15 40 38 27  7  1  5  8 15 29 11 20 15 10 24  2 24 38 35 37  7 33 24  1 22 34 30 12  4 23 12 13  2 27 41 16 11 48 45 17 29 14  7 41 26 20 49 36 24 21 13 33 34 49  9 29 27 11 32 20  1 44 16 31 32 12 32 49 33  0  3 32 35 11 28 50 31 29 11  7  6  2 
 8 33 46 17 48 31 36 15 34 24 23  5 30 24 10 34 43  3 41  2 27  9  9 30 50 22 11 33 46 27  8  8 43 15  1 24 17 25  5  6 37 33 36 27 46 29 12  2 43 21  2 20 46 26 38  8 28 29 45 37 17  9  3 27 22 23 45 50 40 30  5 49 15 27 22 30  7 42 48  5  3 37 19  1 24 25 34  3  0 15 11 10 47 41 27  9  5 38 19  9 
 3 22 36  9 47 47 28 44 47 24 13 46 39  4 45 45 32 29 25 29 10  7 33 16 12 12 38  8  7 43 13 42 41 44 40 14 22 14 17  2  1 33 23 27 34 47 25 27 32 45 22 36 23 34 21 49 19 46 29 21 28 29 23  8 48 41 16 37 14 11 21 11  5 30 20  8 21 44 29  2 15 38 17 39 23  4 40 32 15  0 37 12 50 35  7 33 38  4 34 26 
38 13  1  6 22 46 32  3 41 13 21 29 21 30 17 16 28 20 17 43 31 13 36  7 41 44 27 10 38 25  6 23 43 19 49 32 29  3 42 14 31 29 11 44 16 46  5 23 44 49 22 11 30 28 29  5 15 34  1  9  3 49 15 45 27 44 24 22 36 36 31 43 17 11 14 27 22 12 50 40 14 24 25 27 22 41 44 35 11 37  0 12 29 17 16 23 42 31 36 11 
28 24 22  7 49 13 28 18 23 19 29 49 19 43  5 25 33 19 47 11 21 48 45 38 11 17 46 38  3 50 21 26 19 45 48 29 21 41 33 36 40 43 25 43 31 16 19 13 12 46 41  5 50 21 12 46 22 24 37 17 45 50 17 32 32 49  1 34 14 27 30 27 28  6  8 15 13 28 13 43 43  4 39 18  8  6 19 11 10 12 12  0 33 16  1 38 48  8 12 44 
12 50 39 40 27 19 17 21 50 13  2 14 43 25 49 45 28 16  6 21  4 32 34 47 45 32 38 29 33 13 35 38 24 16 17 33 41 42 39 29 24 38 41 46 21 11 20  2 31 30 37 22  1 44 20  3  4 44 17 39  5 24 40 36 20 25  3  4 32 40 23 29 50 38 10 34 15 44 34 31 20 44  9 44 33 10 30 28 47 50 29 33  0  3 36 15 32 38 10 33 
23  3 48 48 47 23 18 15 22  3 33  8 17 11 31 40 20 44 46 48 25  1 29 38 42  3 49 48 13 30  7 32 10 42 48 48 24 17 25 13  7 42 18 10  2  5 49 24 11 23 33 21  1 22  9 49 39 22 27 23  9 25 24 15  5 12 33 24 46 16 45 39 11 21 21 24 37 16 40 47 49 43 32 19 15 43 39 50 41 35 17 16  3  0 44 50 10  4 16 15 
17  9 38 14 43 49 37 23 25  4 29 20 19 43 28 13 38 13 16 45 46  7  4 24 48 46 26  7 10 25  4 36 10 16 18 46 38 40 27 19 35  9 15  1 25 44  9 40 19 15 22  9 10 41 15 34 38 24 23 41 16 10 44 46 45 32 45 49 34  3 23 36 47 30  9 42 36 18  6 50 14 15 37 22  7 44 47 31 27  7 16  1 36 44  0 41 31 42  9 25 
42 27 36 35 22 49 41  9 50 36  9 38 10 49 43 12 14 12  6 33 41 39 47 16 40 21 49 19 21 38 30 32 36 24 32 32 26 31 39 11 32 16 42 35 41 18 23 29  5 11  3 44 25 44 22  2 19 23 19 16 50 21 17  7 15 15 46 23  1 42 35 31 33 47 36 22 28  5 23 50  8 27 40  5 40  5 23 29  9 33 23 38 15 50 41  0 49 36 41 43 
 7  8 24 49 46 20 39 10 41 16 21 20 46 13 15 32  5 41 26 50 13 21  4 28 18 10 39 39 16 32 33 11  1 50 15 35  5 41 29  7 15 15 27 14 34 17 13 18 39 47 22 37  3 16 49 35 39 35  3 15 18 30 30 45 31 35  6  1 22 29 25 50 22 48 19 47  5 15 38 27 45 19  3 26 42 22 18 11  5 38 42 48 32 10 31 49  0 18 37 26 
24 37 26 32 28 26 18 25 13 28 41 23 23 16  7 17 14 18 39 25 10 36 35 44  9 11 34 32 30 41 14 30 23  5 35 20 24 21 10 48  1 23 33 35 15 39 34 20 38 43 23 42 26  9 27 33 29 41 13 31 27 27 12 16  4 33  6 13 26 37 21 13 29 19 16 50 27 46 39 23 25 37 44  3  4 13 20  7 38  4 31  8 38  4 42 36 18  0 24 43 
 6 39 19 36 44 20 33 13  8 28  5 27 22 23 19 37 33 48 11 50  2 28 28 46 12  2 26  5  4 12 38 19 47 29 20 25 22 16 17 38 27  2 24 15 33 34 26 33  6 37 13  2  7 21 27 21 45 11  9 16 21 12 15 37 18 46 14 44  9  2 47 20 16 38 21 28 21 22 20 47 12 21 32 37 28 19 32  6 19 34 36 12 10 16  9 41 37 24  0 20 
 5  7  6 44  9 37 46 22 24 15 40 46 17 40 28  5  9 43  2  2 17 12 12 31 34 36 37 11 25 10 15 24 35 47  2 44  4 14 18 29 33 15  1 39  9 40 47  3  6 15 12 19 47 33 21 46 27 44 19 15  6 48 31 23 28 49 18 10 35  9 38 11  7 36 32 16 34 13 31 25 25 43 32 27 27 30  1  2  9 26 11 44 33 15 25 43 26 43 20  0 
