1.33714e+06 1.25297e+06 632344 60 94 29 45 88 56 91 4 72 12 63 71 75 47 21 52 95 97 17 15 41 13 36 61 37 7 64 27 18 43 32 9 84 6 81 67 53 76 19 57 46 20 54 34 38 90 39 3 82 50 30 68 98 92 83 93 89 24 33 40 8 25 1 11 59 69 14 77 35 5 65 70 85 66 74 86 0 31 51 73 22 58 16 78 2 26 55 28 48 42 99 49 23 87 62 80 79 10 44 96
1.34328e+06 1.25304e+06 629272 60 94 29 45 88 56 91 4 72 12 63 71 75 47 21 52 95 97 17 15 41 13 36 61 37 7 64 27 18 43 32 9 84 6 81 67 53 76 19 57 46 20 54 34 38 90 39 3 82 50 30 68 98 92 83 93 89 24 33 40 8 25 1 11 59 69 14 77 35 5 65 70 85 66 16 86 0 31 51 73 22 58 74 78 2 26 55 28 48 42 99 49 23 87 62 80 79 10 44 96
1.32049e+06 1.24834e+06 649250 60 94 29 45 88 56 35 4 57 12 63 71 75 47 21 8 95 97 17 33 44 69 25 38 37 7 13 64 70 23 61 9 84 15 81 67 41 76 19 59 98 78 54 34 85 90 39 40 82 50 30 68 24 92 83 93 89 6 53 52 72 3 1 11 77 18 14 74 48 5 65 27 32 66 91 16 0 31 36 73 22 58 86 20 2 26 55 28 43 42 99 49 51 87 62 80 79 10 46 96
1.3044e+06 1.24834e+06 649250 60 94 29 45 88 56 35 4 57 12 63 71 75 47 21 8 95 97 17 33 44 69 25 38 37 7 13 64 70 23 61 9 84 15 81 67 41 76 19 59 98 78 54 34 85 90 39 40 82 50 30 68 24 92 83 93 89 6 53 52 72 3 1 11 77 18 14 74 48 5 65 27 32 66 91 16 0 31 36 73 22 58 86 20 2 26 55 28 43 42 99 49 51 87 62 80 79 10 46 96
1.0671e+06 1.3309e+06 446918 2 61 75 80 65 29 76 55 59 93 18 68 78 84 56 22 97 33 67 42 5 88 46 85 6 40 4 3 77 32 35 47 36 70 21 48 81 54 8 57 31 20 39 87 64 34 62 9 37 50 30 15 71 73 12 66 43 16 86 83 11 95 91 51 45 14 89 53 44 79 1 63 69 96 82 0 26 19 7 99 17 98 10 28 24 60 72 25 52 49 58 90 92 38 41 23 13 27 74 94
1.12281e+06 1.3309e+06 446918 2 61 75 80 65 29 76 55 59 93 18 68 78 84 56 22 97 33 67 42 5 88 46 85 6 40 4 3 77 32 35 47 36 70 21 48 81 54 8 57 31 20 39 87 64 34 62 9 37 50 30 15 71 73 12 66 43 16 86 83 11 95 91 51 45 14 89 53 44 79 1 63 69 96 82 0 26 19 7 99 17 98 10 28 24 60 72 25 52 49 58 90 92 38 41 23 13 27 74 94
1.30341e+06 1.24722e+06 650562 60 94 29 45 88 56 35 4 57 12 13 71 75 47 21 8 95 97 17 33 44 63 25 38 37 7 69 64 70 23 61 9 84 15 81 67 41 76 19 59 98 78 54 34 85 90 39 40 82 50 30 68 24 92 83 93 89 6 53 52 72 3 1 11 77 18 14 74 48 5 65 27 32 66 91 16 0 31 36 73 22 58 86 20 2 26 55 28 43 42 99 49 51 87 62 80 79 10 46 96
1.31164e+06 1.24722e+06 650562 60 94 29 45 88 56 35 4 57 12 13 71 75 47 21 8 95 97 17 33 44 63 25 38 37 7 69 64 70 23 61 9 84 15 81 67 41 76 19 59 98 78 54 34 85 90 39 40 82 50 30 68 24 92 83 93 89 6 53 52 72 3 1 11 77 18 14 74 48 5 65 27 32 66 91 16 0 31 36 73 22 58 86 20 2 26 55 28 43 42 99 49 51 87 62 80 79 10 46 96
784396 1.33156e+06 445686 2 61 60 80 65 29 76 55 59 93 18 68 78 84 56 22 97 33 67 42 5 88 46 85 6 40 4 3 77 32 35 47 36 70 21 48 81 54 8 57 31 20 39 87 64 34 62 14 37 50 30 15 71 73 12 66 43 16 86 83 11 95 91 51 45 9 89 53 44 79 1 63 69 96 82 0 26 19 7 99 17 98 10 28 24 75 72 25 52 49 58 90 92 38 41 23 13 27 74 94
630650 1.33156e+06 445686 2 61 60 80 65 29 76 55 59 93 18 68 78 84 56 22 97 33 67 42 5 88 46 85 6 40 4 3 77 32 35 47 36 70 21 48 81 54 8 57 31 20 39 87 64 34 62 14 37 50 30 15 71 73 12 66 43 16 86 83 11 95 91 51 45 9 89 53 44 79 1 63 69 96 82 0 26 19 7 99 17 98 10 28 24 75 72 25 52 49 58 90 92 38 41 23 13 27 74 94
925521 1.33156e+06 445686 2 61 60 80 65 29 76 55 59 93 18 68 78 84 56 22 97 33 67 42 5 88 46 85 6 40 4 3 77 32 35 47 36 70 21 48 81 54 8 57 31 20 39 87 64 34 62 14 37 50 30 15 71 73 12 66 43 16 86 83 11 95 91 51 45 9 89 53 44 79 1 63 69 96 82 0 26 19 7 99 17 98 10 28 24 75 72 25 52 49 58 90 92 38 41 23 13 27 74 94
1.02186e+06 1.32933e+06 447050 2 61 60 80 65 29 76 55 59 93 18 68 78 84 56 22 97 33 67 42 5 88 46 85 6 40 4 3 77 32 35 47 36 70 21 48 81 54 8 57 31 20 39 87 64 34 62 9 37 50 30 15 71 73 12 66 43 16 86 83 11 95 91 51 45 14 89 53 44 79 1 63 69 96 82 0 26 19 7 99 17 98 10 28 24 75 72 25 52 49 58 90 92 38 41 23 13 27 74 94
1.31918e+06 1.24685e+06 650580 60 94 29 45 88 56 35 4 57 12 13 71 75 47 21 8 95 97 17 33 44 63 25 38 37 7 48 64 70 23 61 9 84 15 81 67 41 76 19 59 98 78 54 34 85 90 39 40 82 50 30 68 24 92 83 93 89 6 53 52 72 3 1 11 77 18 14 74 69 5 65 27 32 66 91 16 0 31 36 73 22 58 86 20 2 26 55 28 43 42 99 49 51 87 62 80 79 10 46 96
1.08073e+06 1.32933e+06 447050 2 61 60 80 65 29 76 55 59 93 18 68 78 84 56 22 97 33 67 42 5 88 46 85 6 40 4 3 77 32 35 47 36 70 21 48 81 54 8 57 31 20 39 87 64 34 62 9 37 50 30 15 71 73 12 66 43 16 86 83 11 95 91 51 45 14 89 53 44 79 1 63 69 96 82 0 26 19 7 99 17 98 10 28 24 75 72 25 52 49 58 90 92 38 41 23 13 27 74 94
1.14817e+06 1.32933e+06 447050 2 61 60 80 65 29 76 55 59 93 18 68 78 84 56 22 97 33 67 42 5 88 46 85 6 40 4 3 77 32 35 47 36 70 21 48 81 54 8 57 31 20 39 87 64 34 62 9 37 50 30 15 71 73 12 66 43 16 86 83 11 95 91 51 45 14 89 53 44 79 1 63 69 96 82 0 26 19 7 99 17 98 10 28 24 75 72 25 52 49 58 90 92 38 41 23 13 27 74 94
1.14817e+06 1.32933e+06 447050 2 61 60 80 65 29 76 55 59 93 18 68 78 84 56 22 97 33 67 42 5 88 46 85 6 40 4 3 77 32 35 47 36 70 21 48 81 54 8 57 31 20 39 87 64 34 62 9 37 50 30 15 71 73 12 66 43 16 86 83 11 95 91 51 45 14 89 53 44 79 1 63 69 96 82 0 26 19 7 99 17 98 10 28 24 75 72 25 52 49 58 90 92 38 41 23 13 27 74 94
1.18564e+06 1.32829e+06 448478 2 61 60 52 65 29 76 55 59 93 18 68 78 84 56 22 97 33 67 42 5 88 46 85 6 40 4 3 77 32 35 47 36 70 21 48 81 54 8 57 31 20 39 87 64 34 62 9 37 50 30 15 71 73 12 66 43 16 86 83 11 95 91 51 45 1 89 53 44 79 14 63 69 96 82 0 26 19 7 99 17 98 10 28 24 75 72 25 80 49 58 90 92 38 41 23 13 27 74 94
1.35893e+06 1.29053e+06 482598 2 60 28 14 96 10 95 55 59 84 75 68 87 53 56 22 97 33 67 42 24 88 46 85 29 40 4 3 77 32 35 89 36 94 21 48 81 13 8 57 66 20 39 78 64 74 86 18 82 34 45 15 71 58 12 63 6 17 90 51 11 93 5 80 62 72 47 70 44 79 65 43 69 1 9 0 26 54 31 99 16 98 30 7 76 50 19 25 52 49 73 91 92 38 41 23 83 27 37 61
1.37745e+06 1.29053e+06 482598 2 60 28 14 96 10 95 55 59 84 75 68 87 53 56 22 97 33 67 42 24 88 46 85 29 40 4 3 77 32 35 89 36 94 21 48 81 13 8 57 66 20 39 78 64 74 86 18 82 34 45 15 71 58 12 63 6 17 90 51 11 93 5 80 62 72 47 70 44 79 65 43 69 1 9 0 26 54 31 99 16 98 30 7 76 50 19 25 52 49 73 91 92 38 41 23 83 27 37 61
1.12203e+06 1.32933e+06 447050 2 61 60 80 65 29 76 55 59 93 18 68 78 84 56 22 97 33 67 42 5 88 46 85 6 40 4 3 77 32 35 47 36 70 21 48 81 54 8 57 31 20 39 87 64 34 62 9 37 50 30 15 71 73 12 66 43 16 86 83 11 95 91 51 45 14 89 53 44 79 1 63 69 96 82 0 26 19 7 99 17 98 10 28 24 75 72 25 52 49 58 90 92 38 41 23 13 27 74 94
1.36237e+06 1.29053e+06 482598 2 60 28 14 96 10 95 55 59 84 75 68 87 53 56 22 97 33 67 42 24 88 46 85 29 40 4 3 77 32 35 89 36 94 21 48 81 13 8 57 66 20 39 78 64 74 86 18 82 34 45 15 71 58 12 63 6 17 90 51 11 93 5 80 62 72 47 70 44 79 65 43 69 1 9 0 26 54 31 99 16 98 30 7 76 50 19 25 52 49 73 91 92 38 41 23 83 27 37 61
1.37439e+06 1.29053e+06 482598 2 60 28 14 96 10 95 55 59 84 75 68 87 53 56 22 97 33 67 42 24 88 46 85 29 40 4 3 77 32 35 89 36 94 21 48 81 13 8 57 66 20 39 78 64 74 86 18 82 34 45 15 71 58 12 63 6 17 90 51 11 93 5 80 62 72 47 70 44 79 65 43 69 1 9 0 26 54 31 99 16 98 30 7 76 50 19 25 52 49 73 91 92 38 41 23 83 27 37 61
1.3589e+06 1.29039e+06 482788 2 60 28 14 96 10 76 55 59 84 75 68 87 53 56 22 97 33 67 42 24 88 46 85 29 40 4 3 77 32 35 89 36 94 21 48 81 13 8 57 66 20 39 78 64 74 86 18 82 34 45 15 71 58 12 63 6 17 90 51 11 93 5 80 62 72 47 70 44 79 65 43 69 1 9 0 26 54 31 99 16 98 30 7 95 50 19 25 52 49 73 91 92 38 41 23 83 27 37 61
1.37672e+06 1.29039e+06 482788 2 60 28 14 96 10 76 55 59 84 75 68 87 53 56 22 97 33 67 42 24 88 46 85 29 40 4 3 77 32 35 89 36 94 21 48 81 13 8 57 66 20 39 78 64 74 86 18 82 34 45 15 71 58 12 63 6 17 90 51 11 93 5 80 62 72 47 70 44 79 65 43 69 1 9 0 26 54 31 99 16 98 30 7 95 50 19 25 52 49 73 91 92 38 41 23 83 27 37 61
1.37057e+06 1.29039e+06 482788 2 60 28 14 96 10 76 55 59 84 75 68 87 53 56 22 97 33 67 42 24 88 46 85 29 40 4 3 77 32 35 89 36 94 21 48 81 13 8 57 66 20 39 78 64 74 86 18 82 34 45 15 71 58 12 63 6 17 90 51 11 93 5 80 62 72 47 70 44 79 65 43 69 1 9 0 26 54 31 99 16 98 30 7 95 50 19 25 52 49 73 91 92 38 41 23 83 27 37 61
1.19694e+06 1.32933e+06 447050 2 61 60 80 65 29 76 55 59 93 18 68 78 84 56 22 97 33 67 42 5 88 46 85 6 40 4 3 77 32 35 47 36 70 21 48 81 54 8 57 31 20 39 87 64 34 62 9 37 50 30 15 71 73 12 66 43 16 86 83 11 95 91 51 45 14 89 53 44 79 1 63 69 96 82 0 26 19 7 99 17 98 10 28 24 75 72 25 52 49 58 90 92 38 41 23 13 27 74 94
1.37739e+06 1.29039e+06 482788 2 60 28 14 96 10 76 55 59 84 75 68 87 53 56 22 97 33 67 42 24 88 46 85 29 40 4 3 77 32 35 89 36 94 21 48 81 13 8 57 66 20 39 78 64 74 86 18 82 34 45 15 71 58 12 63 6 17 90 51 11 93 5 80 62 72 47 70 44 79 65 43 69 1 9 0 26 54 31 99 16 98 30 7 95 50 19 25 52 49 73 91 92 38 41 23 83 27 37 61
1.36817e+06 1.29039e+06 482788 2 60 28 14 96 10 76 55 59 84 75 68 87 53 56 22 97 33 67 42 24 88 46 85 29 40 4 3 77 32 35 89 36 94 21 48 81 13 8 57 66 20 39 78 64 74 86 18 82 34 45 15 71 58 12 63 6 17 90 51 11 93 5 80 62 72 47 70 44 79 65 43 69 1 9 0 26 54 31 99 16 98 30 7 95 50 19 25 52 49 73 91 92 38 41 23 83 27 37 61
1.02171e+06 1.33156e+06 445686 2 61 60 80 65 29 76 55 59 93 18 68 78 84 56 22 97 33 67 42 5 88 46 85 6 40 4 3 77 32 35 47 36 70 21 48 81 54 8 57 31 20 39 87 64 34 62 14 37 50 30 15 71 73 12 66 43 16 86 83 11 95 91 51 45 9 89 53 44 79 1 63 69 96 82 0 26 19 7 99 17 98 10 28 24 75 72 25 52 49 58 90 92 38 41 23 13 27 74 94
1.3757e+06 1.29039e+06 482788 2 60 28 14 96 10 76 55 59 84 75 68 87 53 56 22 97 33 67 42 24 88 46 85 29 40 4 3 77 32 35 89 36 94 21 48 81 13 8 57 66 20 39 78 64 74 86 18 82 34 45 15 71 58 12 63 6 17 90 51 11 93 5 80 62 72 47 70 44 79 65 43 69 1 9 0 26 54 31 99 16 98 30 7 95 50 19 25 52 49 73 91 92 38 41 23 83 27 37 61
1.37563e+06 1.28878e+06 486300 2 60 28 14 96 10 76 55 59 84 75 68 87 53 56 22 97 33 67 42 95 88 46 85 29 40 4 3 77 32 35 89 36 94 21 48 81 13 8 57 66 20 39 78 64 74 86 18 82 34 45 15 71 58 12 63 6 17 90 51 11 93 5 80 62 72 47 70 44 79 65 43 69 1 9 0 26 54 31 99 16 98 30 7 24 50 19 25 52 49 73 91 92 38 41 23 83 27 37 61
1.37531e+06 1.28732e+06 488812 2 60 28 14 96 10 76 55 59 84 75 68 9 53 56 22 97 33 67 42 95 88 46 85 29 40 4 3 77 32 35 89 36 94 21 48 81 13 8 57 66 20 39 78 64 74 86 18 82 34 45 15 71 58 12 63 6 17 90 51 11 93 5 80 62 72 47 70 44 79 65 43 69 1 87 0 26 54 31 99 16 98 30 7 24 50 19 25 52 49 73 91 92 38 41 23 83 27 37 61
1.14809e+06 1.33098e+06 445740 2 61 60 80 65 29 76 55 59 93 18 68 78 84 56 22 97 33 67 42 5 88 46 85 14 40 4 3 77 32 35 47 36 70 21 48 81 54 8 57 31 20 39 87 64 34 62 9 37 50 30 15 71 73 12 66 43 16 86 83 11 95 91 51 45 6 89 53 44 79 1 63 69 96 82 0 26 19 7 99 17 98 10 28 24 75 72 25 52 49 58 90 92 38 41 23 13 27 74 94
1.33116e+06 1.29039e+06 482788 2 60 28 14 96 10 76 55 59 84 75 68 87 53 56 22 97 33 67 42 24 88 46 85 29 40 4 3 77 32 35 89 36 94 21 48 81 13 8 57 66 20 39 78 64 74 86 18 82 34 45 15 71 58 12 63 6 17 90 51 11 93 5 80 62 72 47 70 44 79 65 43 69 1 9 0 26 54 31 99 16 98 30 7 95 50 19 25 52 49 73 91 92 38 41 23 83 27 37 61
1.18511e+06 1.32888e+06 447316 2 61 60 80 65 29 76 55 59 93 18 68 78 84 56 22 97 33 67 42 5 88 46 85 6 40 4 3 77 32 35 47 36 70 21 48 81 54 14 57 31 20 39 87 64 34 62 9 37 50 30 15 71 73 12 66 43 16 86 83 11 95 91 51 45 8 89 53 44 79 1 63 69 96 82 0 26 19 7 99 17 98 10 28 24 75 72 25 52 49 58 90 92 38 41 23 13 27 74 94
1.36809e+06 1.28899e+06 485334 2 60 28 14 96 10 76 55 59 84 75 68 9 53 56 22 97 33 67 42 24 88 46 85 29 40 4 3 77 32 35 89 36 94 21 48 81 13 8 57 66 20 39 78 64 74 86 18 82 34 45 15 71 58 12 63 6 17 90 51 11 93 5 80 62 72 47 70 44 79 65 43 69 1 87 0 26 54 31 99 16 98 30 7 95 50 19 25 52 49 73 91 92 38 41 23 83 27 37 61
1.34176e+06 1.29039e+06 482788 2 60 28 14 96 10 76 55 59 84 75 68 87 53 56 22 97 33 67 42 24 88 46 85 29 40 4 3 77 32 35 89 36 94 21 48 81 13 8 57 66 20 39 78 64 74 86 18 82 34 45 15 71 58 12 63 6 17 90 51 11 93 5 80 62 72 47 70 44 79 65 43 69 1 9 0 26 54 31 99 16 98 30 7 95 50 19 25 52 49 73 91 92 38 41 23 83 27 37 61
1.37666e+06 1.28468e+06 495464 2 60 28 14 96 10 76 55 59 84 75 68 9 53 56 22 97 33 67 42 24 88 46 85 29 40 4 3 77 32 35 89 36 94 21 48 81 13 8 57 66 20 39 78 64 74 86 18 82 34 45 15 71 49 12 63 6 17 90 87 11 93 5 80 62 72 47 70 44 79 65 43 69 1 51 0 26 54 31 99 16 98 30 7 95 50 19 25 52 58 73 91 92 38 41 23 83 27 37 61
1.37513e+06 1.28504e+06 493588 2 60 28 14 96 10 76 46 59 84 75 68 9 53 56 22 97 33 67 42 24 88 55 85 29 40 4 3 77 32 35 89 36 94 21 48 81 13 8 57 66 20 39 78 64 74 86 18 82 34 45 15 71 58 12 63 6 17 90 87 11 93 5 80 62 72 47 70 44 79 65 43 69 1 51 0 26 54 31 99 16 98 30 7 95 50 19 25 52 49 73 91 92 38 41 23 83 27 37 61
1.34786e+06 1.29288e+06 472788 2 60 28 14 96 29 95 55 59 84 75 68 87 53 56 22 97 33 67 42 24 88 46 58 85 10 4 3 77 32 35 89 36 70 7 48 81 13 8 57 66 20 39 78 64 74 86 18 82 34 45 15 71 40 12 63 6 17 90 51 11 93 5 80 62 72 47 50 44 79 65 43 69 1 9 0 26 54 31 99 16 98 30 21 76 94 19 25 52 49 73 91 92 38 41 23 83 27 37 61
1.00414e+06 1.332e+06 443036 2 61 60 80 65 29 76 55 59 93 18 68 78 84 56 22 97 33 67 42 5 88 46 85 14 40 4 3 19 32 35 47 36 70 21 48 81 54 8 57 31 20 39 87 64 34 62 9 37 50 30 15 71 73 12 66 43 16 86 83 11 95 91 51 45 6 89 53 44 79 1 63 69 96 82 0 26 25 28 99 17 98 10 7 24 75 72 77 52 49 58 90 92 38 41 23 13 27 74 94
1.35213e+06 1.29288e+06 472788 2 60 28 14 96 29 95 55 59 84 75 68 87 53 56 22 97 33 67 42 24 88 46 58 85 10 4 3 77 32 35 89 36 70 7 48 81 13 8 57 66 20 39 78 64 74 86 18 82 34 45 15 71 40 12 63 6 17 90 51 11 93 5 80 62 72 47 50 44 79 65 43 69 1 9 0 26 54 31 99 16 98 30 21 76 94 19 25 52 49 73 91 92 38 41 23 83 27 37 61
816815 1.33284e+06 440954 2 61 60 80 65 29 76 55 59 93 18 68 78 84 56 22 97 33 67 42 5 88 46 85 14 40 4 3 19 32 35 47 36 70 21 48 81 54 8 57 31 20 39 87 64 34 62 9 37 50 30 15 43 73 12 66 91 16 86 83 11 95 71 51 45 6 89 53 44 79 1 63 69 96 82 0 26 25 28 99 17 98 10 7 24 75 72 77 52 49 58 90 92 38 41 23 13 27 74 94
685227 1.33284e+06 440954 2 61 60 80 65 29 76 55 59 93 18 68 78 84 56 22 97 33 67 42 5 88 46 85 14 40 4 3 19 32 35 47 36 70 21 48 81 54 8 57 31 20 39 87 64 34 62 9 37 50 30 15 43 73 12 66 91 16 86 83 11 95 71 51 45 6 89 53 44 79 1 63 69 96 82 0 26 25 28 99 17 98 10 7 24 75 72 77 52 49 58 90 92 38 41 23 13 27 74 94
585967 1.33284e+06 440954 2 61 60 80 65 29 76 55 59 93 18 68 78 84 56 22 97 33 67 42 5 88 46 85 14 40 4 3 19 32 35 47 36 70 21 48 81 54 8 57 31 20 39 87 64 34 62 9 37 50 30 15 43 73 12 66 91 16 86 83 11 95 71 51 45 6 89 53 44 79 1 63 69 96 82 0 26 25 28 99 17 98 10 7 24 75 72 77 52 49 58 90 92 38 41 23 13 27 74 94
970997 1.33284e+06 440954 2 61 60 80 65 29 76 55 59 93 18 68 78 84 56 22 97 33 67 42 5 88 46 85 14 40 4 3 19 32 35 47 36 70 21 48 81 54 8 57 31 20 39 87 64 34 62 9 37 50 30 15 43 73 12 66 91 16 86 83 11 95 71 51 45 6 89 53 44 79 1 63 69 96 82 0 26 25 28 99 17 98 10 7 24 75 72 77 52 49 58 90 92 38 41 23 13 27 74 94
1.32024e+06 1.29321e+06 470316 2 60 28 14 96 29 95 46 59 84 75 68 87 53 56 22 97 33 67 42 24 88 55 58 27 10 4 3 77 32 35 89 36 70 7 48 81 13 65 57 66 20 39 78 64 74 86 18 82 34 45 15 71 40 12 63 6 17 90 51 11 93 5 80 62 72 47 50 44 79 8 43 69 1 9 0 26 54 92 99 16 98 30 31 76 94 19 25 52 49 73 91 21 38 41 23 83 85 37 61
938338 1.33284e+06 440954 2 61 60 80 65 29 76 55 59 93 18 68 78 84 56 22 97 33 67 42 5 88 46 85 14 40 4 3 19 32 35 47 36 70 21 48 81 54 8 57 31 20 39 87 64 34 62 9 37 50 30 15 43 73 12 66 91 16 86 83 11 95 71 51 45 6 89 53 44 79 1 63 69 96 82 0 26 25 28 99 17 98 10 7 24 75 72 77 52 49 58 90 92 38 41 23 13 27 74 94
1.10515e+06 1.30666e+06 458054 2 60 28 14 65 29 95 55 59 84 75 68 87 53 56 22 97 33 20 42 24 88 46 58 99 10 4 3 77 32 35 96 36 70 7 48 81 13 8 57 66 67 39 78 64 89 86 18 82 34 45 15 71 40 12 63 6 17 90 51 11 93 5 80 62 72 47 50 44 79 74 9 69 1 43 0 26 54 21 27 16 98 30 31 76 94 19 25 52 49 73 91 92 38 41 23 83 85 37 61
1.37522e+06 1.29209e+06 474850 2 60 28 14 96 29 95 55 59 84 75 68 9 53 56 22 97 33 67 42 24 88 46 58 85 10 4 3 77 32 35 89 36 70 7 48 81 13 8 57 66 20 39 78 64 74 86 18 82 34 45 15 71 40 12 63 6 17 90 51 11 93 5 80 62 72 47 50 44 79 65 43 69 1 87 0 26 54 31 99 16 98 30 21 76 94 19 25 52 49 73 91 92 38 41 23 83 27 37 61
1.32623e+06 1.29321e+06 470316 2 60 28 14 96 29 95 46 59 84 75 68 87 53 56 22 97 33 67 42 24 88 55 58 27 10 4 3 77 32 35 89 36 70 7 48 81 13 65 57 66 20 39 78 64 74 86 18 82 34 45 15 71 40 12 63 6 17 90 51 11 93 5 80 62 72 47 50 44 79 8 43 69 1 9 0 26 54 92 99 16 98 30 31 76 94 19 25 52 49 73 91 21 38 41 23 83 85 37 61
1.35511e+06 1.29321e+06 470316 2 60 28 14 96 29 95 46 59 84 75 68 87 53 56 22 97 33 67 42 24 88 55 58 27 10 4 3 77 32 35 89 36 70 7 48 81 13 65 57 66 20 39 78 64 74 86 18 82 34 45 15 71 40 12 63 6 17 90 51 11 93 5 80 62 72 47 50 44 79 8 43 69 1 9 0 26 54 92 99 16 98 30 31 76 94 19 25 52 49 73 91 21 38 41 23 83 85 37 61
1.36202e+06 1.29321e+06 470316 2 60 28 14 96 29 95 46 59 84 75 68 87 53 56 22 97 33 67 42 24 88 55 58 27 10 4 3 77 32 35 89 36 70 7 48 81 13 65 57 66 20 39 78 64 74 86 18 82 34 45 15 71 40 12 63 6 17 90 51 11 93 5 80 62 72 47 50 44 79 8 43 69 1 9 0 26 54 92 99 16 98 30 31 76 94 19 25 52 49 73 91 21 38 41 23 83 85 37 61
921652 1.33284e+06 440954 2 61 60 80 65 29 76 55 59 93 18 68 78 84 56 22 97 33 67 42 5 88 46 85 14 40 4 3 19 32 35 47 36 70 21 48 81 54 8 57 31 20 39 87 64 34 62 9 37 50 30 15 43 73 12 66 91 16 86 83 11 95 71 51 45 6 89 53 44 79 1 63 69 96 82 0 26 25 28 99 17 98 10 7 24 75 72 77 52 49 58 90 92 38 41 23 13 27 74 94
886646 1.33471e+06 439232 2 61 60 80 65 29 76 55 59 93 18 68 78 84 56 22 97 33 67 42 5 88 43 85 14 40 4 3 19 32 35 47 36 70 21 48 81 54 8 57 31 20 39 87 64 34 62 9 37 50 30 15 46 73 12 66 91 16 86 83 11 95 71 51 45 6 89 53 44 79 1 63 69 96 82 0 26 25 28 99 17 98 10 7 24 75 72 77 52 49 58 90 92 38 41 23 13 27 74 94
1.32937e+06 1.23941e+06 667902 60 94 29 45 3 56 8 80 57 12 82 88 75 47 93 35 95 13 21 33 55 63 38 25 37 7 51 97 92 23 32 30 84 15 81 67 41 76 19 0 98 78 54 34 85 90 39 40 71 50 69 68 24 70 83 65 89 6 53 52 72 9 1 11 77 18 14 48 59 5 4 36 61 66 91 16 86 31 2 73 22 58 74 20 27 26 44 28 43 42 99 49 64 87 62 17 79 10 46 96
1.01751e+06 1.33471e+06 439232 2 61 60 80 65 29 76 55 59 93 18 68 78 84 56 22 97 33 67 42 5 88 43 85 14 40 4 3 19 32 35 47 36 70 21 48 81 54 8 57 31 20 39 87 64 34 62 9 37 50 30 15 46 73 12 66 91 16 86 83 11 95 71 51 45 6 89 53 44 79 1 63 69 96 82 0 26 25 28 99 17 98 10 7 24 75 72 77 52 49 58 90 92 38 41 23 13 27 74 94
703154 1.33657e+06 438716 2 61 60 80 65 29 76 55 59 93 18 68 78 84 56 22 97 33 67 42 5 88 43 85 14 40 4 3 19 32 35 47 36 70 21 48 81 54 8 57 31 20 39 87 64 34 62 9 37 50 30 15 46 73 6 66 91 16 86 12 11 95 71 51 45 83 89 53 44 79 1 63 69 96 82 0 26 25 28 99 17 98 10 7 24 75 72 77 52 49 58 90 92 38 41 23 13 27 74 94
1.36202e+06 1.29321e+06 470316 2 60 28 14 96 29 95 46 59 84 75 68 87 53 56 22 97 33 67 42 24 88 55 58 27 10 4 3 77 32 35 89 36 70 7 48 81 13 65 57 66 20 39 78 64 74 86 18 82 34 45 15 71 40 12 63 6 17 90 51 11 93 5 80 62 72 47 50 44 79 8 43 69 1 9 0 26 54 92 99 16 98 30 31 76 94 19 25 52 49 73 91 21 38 41 23 83 85 37 61
1.03275e+06 1.33471e+06 439232 2 61 60 80 65 29 76 55 59 93 18 68 78 84 56 22 97 33 67 42 5 88 43 85 14 40 4 3 19 32 35 47 36 70 21 48 81 54 8 57 31 20 39 87 64 34 62 9 37 50 30 15 46 73 12 66 91 16 86 83 11 95 71 51 45 6 89 53 44 79 1 63 69 96 82 0 26 25 28 99 17 98 10 7 24 75 72 77 52 49 58 90 92 38 41 23 13 27 74 94
1.06241e+06 1.33672e+06 437966 2 61 60 80 65 29 76 55 83 93 18 68 78 84 56 22 97 33 67 42 5 88 43 85 14 40 4 3 19 32 35 47 36 70 21 48 81 54 8 57 31 20 39 87 64 34 62 9 37 50 30 15 46 73 12 66 91 16 86 59 11 95 71 51 45 6 89 53 44 79 1 63 69 96 82 0 26 25 28 99 17 98 10 7 24 75 72 77 52 49 58 90 92 38 41 23 13 27 74 94
1.34079e+06 1.25413e+06 577666 60 94 29 45 22 56 91 4 25 12 63 71 75 47 21 52 95 97 17 33 27 13 36 86 32 7 0 46 26 43 11 9 37 64 81 67 53 76 19 57 15 20 54 34 84 90 31 3 82 80 30 68 98 92 83 93 89 24 6 38 72 8 1 40 59 69 14 70 16 35 65 77 61 66 74 85 96 28 51 73 88 58 5 78 2 18 55 39 48 42 99 49 23 87 62 50 79 10 44 41
1.36386e+06 1.29402e+06 466334 2 60 28 14 96 29 95 46 59 84 75 68 87 53 56 22 97 33 67 42 24 88 55 58 27 10 4 3 77 32 35 89 36 70 7 48 81 13 47 57 66 20 39 78 64 74 86 18 65 34 45 15 71 40 12 63 6 17 90 51 11 93 5 80 62 72 82 50 44 79 8 43 69 1 9 0 26 54 92 99 16 98 30 31 76 94 19 25 52 49 73 91 21 38 41 23 83 85 37 61
1.32458e+06 1.29402e+06 466334 2 60 28 14 96 29 95 46 59 84 75 68 87 53 56 22 97 33 67 42 24 88 55 58 27 10 4 3 77 32 35 89 36 70 7 48 81 13 47 57 66 20 39 78 64 74 86 18 65 34 45 15 71 40 12 63 6 17 90 51 11 93 5 80 62 72 82 50 44 79 8 43 69 1 9 0 26 54 92 99 16 98 30 31 76 94 19 25 52 49 73 91 21 38 41 23 83 85 37 61
1.29156e+06 1.29749e+06 463028 2 60 28 14 96 29 95 46 59 84 75 68 87 53 56 22 97 33 67 42 24 88 55 58 27 10 4 3 77 32 35 89 36 70 7 48 81 13 47 57 66 20 39 78 64 74 86 18 65 34 45 15 71 40 12 63 6 17 90 51 11 93 5 80 62 72 82 50 44 79 8 43 69 1 9 0 26 54 92 99 16 98 25 31 76 94 19 30 52 49 73 91 21 38 41 23 83 85 37 61
1.34576e+06 1.25417e+06 577024 60 94 29 45 22 56 91 4 25 12 63 71 75 47 21 52 95 97 17 33 27 13 36 86 32 7 0 46 26 43 11 9 37 64 81 67 53 76 19 57 15 20 54 34 84 90 31 3 82 80 30 68 98 92 83 93 89 24 6 38 72 8 1 40 59 69 14 70 16 35 65 77 61 66 74 85 96 28 51 58 88 73 5 78 2 18 55 39 48 42 99 49 23 87 62 50 79 10 44 41
1.0018e+06 1.33672e+06 437966 2 61 60 80 65 29 76 55 83 93 18 68 78 84 56 22 97 33 67 42 5 88 43 85 14 40 4 3 19 32 35 47 36 70 21 48 81 54 8 57 31 20 39 87 64 34 62 9 37 50 30 15 46 73 12 66 91 16 86 59 11 95 71 51 45 6 89 53 44 79 1 63 69 96 82 0 26 25 28 99 17 98 10 7 24 75 72 77 52 49 58 90 92 38 41 23 13 27 74 94
1.22049e+06 1.29749e+06 463028 2 60 28 14 96 29 95 46 59 84 75 68 87 53 56 22 97 33 67 42 24 88 55 58 27 10 4 3 77 32 35 89 36 70 7 48 81 13 47 57 66 20 39 78 64 74 86 18 65 34 45 15 71 40 12 63 6 17 90 51 11 93 5 80 62 72 82 50 44 79 8 43 69 1 9 0 26 54 92 99 16 98 25 31 76 94 19 30 52 49 73 91 21 38 41 23 83 85 37 61
1.17814e+06 1.29932e+06 462348 2 60 28 80 96 29 95 46 59 84 75 68 87 53 56 22 97 33 67 42 24 88 55 58 27 10 4 3 77 32 35 89 36 70 7 48 81 13 47 57 66 20 39 78 64 74 86 18 65 34 45 15 71 40 12 63 6 17 90 51 11 93 5 14 62 72 82 50 44 79 8 43 69 1 9 0 26 54 92 99 16 98 25 31 76 94 19 30 52 49 73 91 21 38 41 23 83 85 37 61
1.35382e+06 1.29402e+06 466334 2 60 28 14 96 29 95 46 59 84 75 68 87 53 56 22 97 33 67 42 24 88 55 58 27 10 4 3 77 32 35 89 36 70 7 48 81 13 47 57 66 20 39 78 64 74 86 18 65 34 45 15 71 40 12 63 6 17 90 51 11 93 5 80 62 72 82 50 44 79 8 43 69 1 9 0 26 54 92 99 16 98 30 31 76 94 19 25 52 49 73 91 21 38 41 23 83 85 37 61
1.36085e+06 1.29402e+06 466334 2 60 28 14 96 29 95 46 59 84 75 68 87 53 56 22 97 33 67 42 24 88 55 58 27 10 4 3 77 32 35 89 36 70 7 48 81 13 47 57 66 20 39 78 64 74 86 18 65 34 45 15 71 40 12 63 6 17 90 51 11 93 5 80 62 72 82 50 44 79 8 43 69 1 9 0 26 54 92 99 16 98 30 31 76 94 19 25 52 49 73 91 21 38 41 23 83 85 37 61
562926 1.33719e+06 437800 2 61 60 80 65 29 76 55 25 93 18 68 78 84 56 22 97 33 67 42 5 88 43 85 14 40 4 3 19 32 35 47 36 70 21 48 81 54 8 57 31 20 39 87 64 34 62 9 37 50 30 15 46 73 6 66 91 16 86 59 11 95 71 51 45 83 89 53 44 79 1 63 69 96 82 0 26 12 28 99 17 98 10 7 24 75 72 77 52 49 58 90 92 38 41 23 13 27 74 94
1.34975e+06 1.29525e+06 464190 2 60 28 14 96 29 95 46 59 84 75 68 87 53 56 22 97 33 20 42 24 88 55 58 27 10 4 3 77 32 35 89 36 70 7 48 81 13 47 57 66 67 39 78 64 74 86 18 65 34 45 15 71 40 12 63 6 17 90 51 11 93 5 80 62 72 82 50 44 79 8 43 69 1 9 0 26 54 92 99 16 98 30 31 76 94 19 25 52 49 73 91 21 38 41 23 83 85 37 61
500503 1.33749e+06 437358 2 61 60 80 65 29 76 55 25 93 18 68 78 84 56 22 97 33 67 42 5 88 43 85 14 40 4 3 19 32 35 47 36 70 21 48 81 54 8 57 31 20 39 87 64 34 62 9 37 50 30 15 46 73 6 66 91 16 86 59 11 95 71 51 45 83 89 53 44 79 1 63 69 96 82 0 26 12 7 99 17 98 10 28 24 75 72 77 52 49 58 90 92 38 41 23 13 27 74 94
479547 1.33972e+06 437260 2 61 60 80 65 29 76 55 25 93 18 68 78 84 56 22 97 33 67 42 5 88 43 85 14 40 4 3 19 32 35 47 36 70 21 48 81 54 8 57 31 20 39 87 64 34 62 9 37 50 6 15 46 73 30 66 91 16 86 59 11 95 71 51 45 83 89 53 44 79 1 63 69 96 82 0 26 12 7 99 17 98 10 28 24 75 72 77 52 49 58 90 92 38 41 23 13 27 74 94
1.35486e+06 1.25417e+06 577024 60 94 29 45 22 56 91 4 25 12 63 71 75 47 21 52 95 97 17 33 27 13 36 86 32 7 0 46 26 43 11 9 37 64 81 67 53 76 19 57 15 20 54 34 84 90 31 3 82 80 30 68 98 92 83 93 89 24 6 38 72 8 1 40 59 69 14 70 16 35 65 77 61 66 74 85 96 28 51 58 88 73 5 78 2 18 55 39 48 42 99 49 23 87 62 50 79 10 44 41
1.19961e+06 1.29749e+06 463028 2 60 28 14 96 29 95 46 59 84 75 68 87 53 56 22 97 33 67 42 24 88 55 58 27 10 4 3 77 32 35 89 36 70 7 48 81 13 47 57 66 20 39 78 64 74 86 18 65 34 45 15 71 40 12 63 6 17 90 51 11 93 5 80 62 72 82 50 44 79 8 43 69 1 9 0 26 54 92 99 16 98 25 31 76 94 19 30 52 49 73 91 21 38 41 23 83 85 37 61
662967 1.33749e+06 437358 2 61 60 80 65 29 76 55 25 93 18 68 78 84 56 22 97 33 67 42 5 88 43 85 14 40 4 3 19 32 35 47 36 70 21 48 81 54 8 57 31 20 39 87 64 34 62 9 37 50 30 15 46 73 6 66 91 16 86 59 11 95 71 51 45 83 89 53 44 79 1 63 69 96 82 0 26 12 7 99 17 98 10 28 24 75 72 77 52 49 58 90 92 38 41 23 13 27 74 94
1.03262e+06 1.33672e+06 437966 2 61 60 80 65 29 76 55 83 93 18 68 78 84 56 22 97 33 67 42 5 88 43 85 14 40 4 3 19 32 35 47 36 70 21 48 81 54 8 57 31 20 39 87 64 34 62 9 37 50 30 15 46 73 12 66 91 16 86 59 11 95 71 51 45 6 89 53 44 79 1 63 69 96 82 0 26 25 28 99 17 98 10 7 24 75 72 77 52 49 58 90 92 38 41 23 13 27 74 94
477247 1.34008e+06 434948 2 61 60 25 65 29 76 55 12 93 18 68 78 84 56 22 97 33 67 42 5 88 43 85 14 40 4 3 19 32 35 47 36 70 21 48 81 54 8 57 31 20 39 87 64 34 62 9 37 50 30 15 46 73 6 66 91 16 86 59 11 95 71 51 45 83 89 53 44 79 1 63 69 96 82 0 26 80 7 99 17 98 10 28 24 75 72 77 52 49 58 90 92 38 41 23 13 27 74 94
719495 1.34008e+06 434948 2 61 60 25 65 29 76 55 12 93 18 68 78 84 56 22 97 33 67 42 5 88 43 85 14 40 4 3 19 32 35 47 36 70 21 48 81 54 8 57 31 20 39 87 64 34 62 9 37 50 30 15 46 73 6 66 91 16 86 59 11 95 71 51 45 83 89 53 44 79 1 63 69 96 82 0 26 80 7 99 17 98 10 28 24 75 72 77 52 49 58 90 92 38 41 23 13 27 74 94
1.15454e+06 1.29445e+06 465730 2 60 28 14 96 29 95 46 59 84 75 68 87 53 56 22 97 33 67 42 24 88 55 58 27 10 4 3 77 32 35 89 36 70 7 40 81 13 47 57 66 20 39 78 64 74 86 18 65 34 45 15 71 48 12 63 6 17 90 51 11 93 5 80 62 72 82 50 44 79 8 43 69 1 9 0 26 54 92 99 16 98 30 31 76 94 19 25 52 49 73 91 21 38 41 23 83 85 37 61
812277 1.34036e+06 433864 2 61 60 25 65 29 76 55 12 93 18 68 78 84 56 22 97 33 67 42 5 88 43 85 14 40 4 3 19 32 35 47 36 70 21 48 81 54 8 57 31 20 39 87 64 34 62 9 37 50 30 15 46 73 6 66 91 16 86 95 11 59 71 51 45 83 89 53 44 79 1 63 69 96 82 0 26 80 7 99 17 98 10 28 24 75 72 77 52 49 58 90 92 38 41 23 13 27 74 94
900946 1.34036e+06 433864 2 61 60 25 65 29 76 55 12 93 18 68 78 84 56 22 97 33 67 42 5 88 43 85 14 40 4 3 19 32 35 47 36 70 21 48 81 54 8 57 31 20 39 87 64 34 62 9 37 50 30 15 46 73 6 66 91 16 86 95 11 59 71 51 45 83 89 53 44 79 1 63 69 96 82 0 26 80 7 99 17 98 10 28 24 75 72 77 52 49 58 90 92 38 41 23 13 27 74 94
918017 1.34036e+06 433864 2 61 60 25 65 29 76 55 12 93 18 68 78 84 56 22 97 33 67 42 5 88 43 85 14 40 4 3 19 32 35 47 36 70 21 48 81 54 8 57 31 20 39 87 64 34 62 9 37 50 30 15 46 73 6 66 91 16 86 95 11 59 71 51 45 83 89 53 44 79 1 63 69 96 82 0 26 80 7 99 17 98 10 28 24 75 72 77 52 49 58 90 92 38 41 23 13 27 74 94
699181 1.34036e+06 433864 2 61 60 25 65 29 76 55 12 93 18 68 78 84 56 22 97 33 67 42 5 88 43 85 14 40 4 3 19 32 35 47 36 70 21 48 81 54 8 57 31 20 39 87 64 34 62 9 37 50 30 15 46 73 6 66 91 16 86 95 11 59 71 51 45 83 89 53 44 79 1 63 69 96 82 0 26 80 7 99 17 98 10 28 24 75 72 77 52 49 58 90 92 38 41 23 13 27 74 94
1.298e+06 1.29525e+06 464190 2 60 28 14 96 29 95 46 59 84 75 68 87 53 56 22 97 33 20 42 24 88 55 58 27 10 4 3 77 32 35 89 36 70 7 48 81 13 47 57 66 67 39 78 64 74 86 18 65 34 45 15 71 40 12 63 6 17 90 51 11 93 5 80 62 72 82 50 44 79 8 43 69 1 9 0 26 54 92 99 16 98 30 31 76 94 19 25 52 49 73 91 21 38 41 23 83 85 37 61
1.21983e+06 1.29525e+06 464190 2 60 28 14 96 29 95 46 59 84 75 68 87 53 56 22 97 33 20 42 24 88 55 58 27 10 4 3 77 32 35 89 36 70 7 48 81 13 47 57 66 67 39 78 64 74 86 18 65 34 45 15 71 40 12 63 6 17 90 51 11 93 5 80 62 72 82 50 44 79 8 43 69 1 9 0 26 54 92 99 16 98 30 31 76 94 19 25 52 49 73 91 21 38 41 23 83 85 37 61
917988 1.34021e+06 433896 2 61 60 69 65 29 76 55 12 93 18 68 78 84 56 22 97 33 67 42 5 88 43 85 14 40 4 3 19 32 35 47 36 70 21 48 81 54 8 57 31 20 39 87 64 34 62 9 37 50 30 15 46 73 6 66 91 16 86 95 11 59 71 51 45 83 89 53 44 79 1 63 25 96 82 0 26 80 7 99 17 98 10 28 24 75 72 77 52 49 58 90 92 38 41 23 13 27 74 94
1.34031e+06 1.2533e+06 579408 60 94 29 45 22 56 91 4 25 12 63 71 75 47 21 52 95 97 17 33 27 13 36 86 32 7 0 46 26 43 11 9 37 64 81 67 53 76 19 57 15 20 54 34 84 90 31 3 82 80 30 68 98 92 83 93 89 24 6 38 72 8 1 40 59 69 14 70 16 35 65 77 61 44 74 87 96 28 51 58 88 73 5 78 2 18 55 39 48 42 99 49 23 85 62 50 79 10 66 41
1.28286e+06 1.29525e+06 464190 2 60 28 14 96 29 95 46 59 84 75 68 87 53 56 22 97 33 20 42 24 88 55 58 27 10 4 3 77 32 35 89 36 70 7 48 81 13 47 57 66 67 39 78 64 74 86 18 65 34 45 15 71 40 12 63 6 17 90 51 11 93 5 80 62 72 82 50 44 79 8 43 69 1 9 0 26 54 92 99 16 98 30 31 76 94 19 25 52 49 73 91 21 38 41 23 83 85 37 61
1.20958e+06 1.29975e+06 460160 2 60 28 14 96 29 95 46 59 84 75 68 87 53 56 22 97 33 20 42 24 88 55 58 27 10 4 3 77 32 35 74 36 70 7 48 81 13 47 57 66 67 39 78 64 89 86 18 65 34 45 15 71 40 12 63 6 17 90 51 11 93 5 80 62 72 82 50 44 79 8 43 69 1 9 0 26 54 92 99 16 98 30 31 76 94 19 25 52 49 73 91 21 38 41 23 83 85 37 61
518001 1.34036e+06 433864 2 61 60 25 65 29 76 55 12 93 18 68 78 84 56 22 97 33 67 42 5 88 43 85 14 40 4 3 19 32 35 47 36 70 21 48 81 54 8 57 31 20 39 87 64 34 62 9 37 50 30 15 46 73 6 66 91 16 86 95 11 59 71 51 45 83 89 53 44 79 1 63 69 96 82 0 26 80 7 99 17 98 10 28 24 75 72 77 52 49 58 90 92 38 41 23 13 27 74 94
951427 1.34021e+06 433896 2 61 60 69 65 29 76 55 12 93 18 68 78 84 56 22 97 33 67 42 5 88 43 85 14 40 4 3 19 32 35 47 36 70 21 48 81 54 8 57 31 20 39 87 64 34 62 9 37 50 30 15 46 73 6 66 91 16 86 95 11 59 71 51 45 83 89 53 44 79 1 63 25 96 82 0 26 80 7 99 17 98 10 28 24 75 72 77 52 49 58 90 92 38 41 23 13 27 74 94
1.35381e+06 1.29525e+06 464190 2 60 28 14 96 29 95 46 59 84 75 68 87 53 56 22 97 33 20 42 24 88 55 58 27 10 4 3 77 32 35 89 36 70 7 48 81 13 47 57 66 67 39 78 64 74 86 18 65 34 45 15 71 40 12 63 6 17 90 51 11 93 5 80 62 72 82 50 44 79 8 43 69 1 9 0 26 54 92 99 16 98 30 31 76 94 19 25 52 49 73 91 21 38 41 23 83 85 37 61
999780 1.34021e+06 433896 2 61 60 69 65 29 76 55 12 93 18 68 78 84 56 22 97 33 67 42 5 88 43 85 14 40 4 3 19 32 35 47 36 70 21 48 81 54 8 57 31 20 39 87 64 34 62 9 37 50 30 15 46 73 6 66 91 16 86 95 11 59 71 51 45 83 89 53 44 79 1 63 25 96 82 0 26 80 7 99 17 98 10 28 24 75 72 77 52 49 58 90 92 38 41 23 13 27 74 94
951427 1.34021e+06 433896 2 61 60 69 65 29 76 55 12 93 18 68 78 84 56 22 97 33 67 42 5 88 43 85 14 40 4 3 19 32 35 47 36 70 21 48 81 54 8 57 31 20 39 87 64 34 62 9 37 50 30 15 46 73 6 66 91 16 86 95 11 59 71 51 45 83 89 53 44 79 1 63 25 96 82 0 26 80 7 99 17 98 10 28 24 75 72 77 52 49 58 90 92 38 41 23 13 27 74 94
1.19892e+06 1.29975e+06 460160 2 60 28 14 96 29 95 46 59 84 75 68 87 53 56 22 97 33 20 42 24 88 55 58 27 10 4 3 77 32 35 74 36 70 7 48 81 13 47 57 66 67 39 78 64 89 86 18 65 34 45 15 71 40 12 63 6 17 90 51 11 93 5 80 62 72 82 50 44 79 8 43 69 1 9 0 26 54 92 99 16 98 30 31 76 94 19 25 52 49 73 91 21 38 41 23 83 85 37 61
1.3218e+06 1.23983e+06 664662 60 94 29 45 3 56 8 80 57 12 82 88 75 47 93 35 95 13 21 33 55 63 38 25 37 7 51 97 92 23 32 30 84 15 81 67 41 76 19 0 98 78 1 34 85 90 39 40 71 50 69 68 24 70 83 65 89 6 53 52 72 9 54 11 77 18 14 48 59 5 4 36 61 66 91 16 86 31 2 73 22 58 74 20 27 26 44 28 43 42 99 49 64 87 62 17 79 10 46 96
1.18797e+06 1.29975e+06 460160 2 60 28 14 96 29 95 46 59 84 75 68 87 53 56 22 97 33 20 42 24 88 55 58 27 10 4 3 77 32 35 74 36 70 7 48 81 13 47 57 66 67 39 78 64 89 86 18 65 34 45 15 71 40 12 63 6 17 90 51 11 93 5 80 62 72 82 50 44 79 8 43 69 1 9 0 26 54 92 99 16 98 30 31 76 94 19 25 52 49 73 91 21 38 41 23 83 85 37 61
699181 1.34036e+06 433864 2 61 60 25 65 29 76 55 12 93 18 68 78 84 56 22 97 33 67 42 5 88 43 85 14 40 4 3 19 32 35 47 36 70 21 48 81 54 8 57 31 20 39 87 64 34 62 9 37 50 30 15 46 73 6 66 91 16 86 95 11 59 71 51 45 83 89 53 44 79 1 63 69 96 82 0 26 80 7 99 17 98 10 28 24 75 72 77 52 49 58 90 92 38 41 23 13 27 74 94
1.3217e+06 1.24098e+06 656000 60 94 29 45 3 56 8 80 57 12 82 88 75 47 93 35 95 13 21 33 55 63 38 25 37 7 51 97 18 23 32 30 84 15 81 67 41 76 19 0 98 78 1 34 85 90 39 40 71 50 69 68 24 70 83 65 89 6 53 52 72 9 54 11 77 92 14 48 59 5 4 36 61 66 91 16 86 31 2 73 22 58 74 20 27 26 44 28 43 42 99 49 64 87 62 17 79 10 46 96
1.36608e+06 1.25602e+06 561438 60 83 29 45 22 56 91 4 25 12 63 71 75 47 21 52 95 97 17 33 27 13 36 85 32 7 0 46 26 43 11 9 37 64 81 67 53 76 19 57 15 20 54 34 84 90 31 3 82 80 30 68 98 92 44 93 89 24 6 38 41 8 1 40 59 69 14 70 16 35 65 77 61 66 74 86 96 28 51 73 88 58 5 78 2 18 55 39 48 42 99 49 23 87 62 50 79 10 94 72
1.32894e+06 1.25472e+06 569494 60 83 29 45 22 56 91 4 25 12 63 71 75 47 21 52 95 97 17 33 27 13 36 85 32 7 0 46 26 43 11 9 37 64 81 67 53 41 19 57 15 20 54 34 84 90 31 3 82 80 30 68 98 92 44 93 89 24 6 38 76 8 1 40 59 69 14 70 16 35 65 77 61 66 74 86 96 28 51 73 88 58 5 78 2 18 55 39 48 42 99 49 23 87 62 50 79 10 94 72
983909 1.34021e+06 433896 2 61 60 69 65 29 76 55 12 93 18 68 78 84 56 22 97 33 67 42 5 88 43 85 14 40 4 3 19 32 35 47 36 70 21 48 81 54 8 57 31 20 39 87 64 34 62 9 37 50 30 15 46 73 6 66 91 16 86 95 11 59 71 51 45 83 89 53 44 79 1 63 25 96 82 0 26 80 7 99 17 98 10 28 24 75 72 77 52 49 58 90 92 38 41 23 13 27 74 94
1.36085e+06 1.29402e+06 466334 2 60 28 14 96 29 95 46 59 84 75 68 87 53 56 22 97 33 67 42 24 88 55 58 27 10 4 3 77 32 35 89 36 70 7 48 81 13 47 57 66 20 39 78 64 74 86 18 65 34 45 15 71 40 12 63 6 17 90 51 11 93 5 80 62 72 82 50 44 79 8 43 69 1 9 0 26 54 92 99 16 98 30 31 76 94 19 25 52 49 73 91 21 38 41 23 83 85 37 61
1.21983e+06 1.29525e+06 464190 2 60 28 14 96 29 95 46 59 84 75 68 87 53 56 22 97 33 20 42 24 88 55 58 27 10 4 3 77 32 35 89 36 70 7 48 81 13 47 57 66 67 39 78 64 74 86 18 65 34 45 15 71 40 12 63 6 17 90 51 11 93 5 80 62 72 82 50 44 79 8 43 69 1 9 0 26 54 92 99 16 98 30 31 76 94 19 25 52 49 73 91 21 38 41 23 83 85 37 61
1.30404e+06 1.2366e+06 677150 60 94 29 45 3 56 8 80 57 12 69 88 75 36 39 35 95 13 93 33 55 63 71 25 37 7 51 97 92 23 32 30 84 15 81 67 41 76 19 0 98 78 54 34 85 90 21 40 82 50 38 68 24 70 83 65 89 6 53 52 72 9 1 11 77 18 14 48 59 5 4 47 61 66 91 16 86 31 2 73 22 58 74 20 27 26 44 28 43 42 99 49 64 87 62 17 79 10 46 96
1.2366e+06 1.2366e+06 677150 60 94 29 45 3 56 8 80 57 12 69 88 75 36 39 35 95 13 93 33 55 63 71 25 37 7 51 97 92 23 32 30 84 15 81 67 41 76 19 0 98 78 54 34 85 90 21 40 82 50 38 68 24 70 83 65 89 6 53 52 72 9 1 11 77 18 14 48 59 5 4 47 61 66 91 16 86 31 2 73 22 58 74 20 27 26 44 28 43 42 99 49 64 87 62 17 79 10 46 96
1.36332e+06 1.25602e+06 561438 60 83 29 45 22 56 91 4 25 12 63 71 75 47 21 52 95 97 17 33 27 13 36 85 32 7 0 46 26 43 11 9 37 64 81 67 53 76 19 57 15 20 54 34 84 90 31 3 82 80 30 68 98 92 44 93 89 24 6 38 41 8 1 40 59 69 14 70 16 35 65 77 61 66 74 86 96 28 51 73 88 58 5 78 2 18 55 39 48 42 99 49 23 87 62 50 79 10 94 72
1.37057e+06 1.25602e+06 561438 60 83 29 45 22 56 91 4 25 12 63 71 75 47 21 52 95 97 17 33 27 13 36 85 32 7 0 46 26 43 11 9 37 64 81 67 53 76 19 57 15 20 54 34 84 90 31 3 82 80 30 68 98 92 44 93 89 24 6 38 41 8 1 40 59 69 14 70 16 35 65 77 61 66 74 86 96 28 51 73 88 58 5 78 2 18 55 39 48 42 99 49 23 87 62 50 79 10 94 72
1.37439e+06 1.25987e+06 550936 60 83 29 45 22 56 91 55 25 12 63 71 75 47 21 52 95 97 17 33 27 13 36 85 32 7 0 46 26 43 11 9 37 64 81 67 53 76 19 57 15 20 54 34 84 90 31 3 73 80 30 68 98 92 44 93 89 24 6 38 41 8 1 40 59 69 14 70 16 35 65 77 61 66 74 86 96 28 51 82 88 58 5 78 2 18 4 39 48 42 99 49 23 87 62 50 79 10 94 72
1.33948e+06 1.25561e+06 563056 60 83 29 45 22 56 91 4 25 12 63 71 75 47 21 52 95 97 17 33 27 13 36 85 32 7 0 46 26 43 11 9 37 64 81 67 53 76 19 57 15 20 54 34 84 90 82 3 31 80 30 68 98 92 44 93 89 24 6 38 41 8 1 40 59 69 14 70 16 35 65 77 61 66 74 86 96 28 51 73 88 58 5 78 2 18 55 39 48 42 99 49 23 87 62 50 79 10 94 72
538699 1.34149e+06 433750 2 61 96 69 65 29 76 55 12 93 18 68 78 84 56 22 97 33 67 42 5 88 43 85 14 40 4 3 19 32 35 47 36 70 21 48 81 54 8 57 31 20 39 87 64 34 62 9 37 50 30 15 46 73 6 66 91 16 86 95 11 59 71 51 45 83 89 53 44 79 1 63 25 60 82 0 26 80 7 99 17 98 10 28 24 75 72 77 52 49 58 90 92 38 41 23 13 27 74 94
1.24705e+06 1.23645e+06 678020 60 94 29 45 3 56 69 80 57 12 8 88 75 36 39 35 95 13 93 33 55 63 71 25 37 7 51 97 92 23 32 30 84 15 81 67 41 76 19 0 98 78 54 34 85 90 21 40 82 50 38 68 24 70 83 65 89 6 53 52 72 9 1 11 77 18 14 48 59 5 4 47 61 66 91 16 86 31 2 73 22 58 74 20 27 26 44 28 43 42 99 49 64 87 62 17 79 10 46 96
1.24861e+06 1.29564e+06 463620 2 60 28 14 96 29 95 46 59 84 75 68 87 53 56 22 97 33 20 42 24 88 55 58 27 10 4 3 77 32 35 89 36 70 7 40 81 13 47 57 66 67 39 78 64 74 86 18 65 34 45 15 71 48 12 63 6 17 90 51 11 93 5 80 62 72 82 50 44 79 8 43 69 1 9 0 26 54 92 99 16 98 30 31 76 94 19 25 52 49 73 91 21 38 41 23 83 85 37 61
579754 1.34036e+06 433864 2 61 60 25 65 29 76 55 12 93 18 68 78 84 56 22 97 33 67 42 5 88 43 85 14 40 4 3 19 32 35 47 36 70 21 48 81 54 8 57 31 20 39 87 64 34 62 9 37 50 30 15 46 73 6 66 91 16 86 95 11 59 71 51 45 83 89 53 44 79 1 63 69 96 82 0 26 80 7 99 17 98 10 28 24 75 72 77 52 49 58 90 92 38 41 23 13 27 74 94
1.29485e+06 1.23675e+06 670178 60 94 29 45 3 56 69 80 57 12 8 88 75 36 39 35 95 13 93 33 55 63 71 25 37 7 51 97 92 23 32 30 84 15 81 67 41 76 19 0 98 78 54 34 85 90 21 40 82 50 38 68 24 70 83 65 89 6 53 52 72 9 1 11 77 18 14 48 59 5 4 73 61 66 91 16 86 31 2 47 22 58 74 20 27 26 44 28 43 42 99 49 64 87 62 17 79 10 46 96
1.36286e+06 1.25679e+06 557208 60 83 29 45 22 56 91 4 25 12 63 71 75 47 21 52 95 97 17 33 27 13 36 85 32 7 0 46 26 43 11 9 37 64 81 67 53 76 19 57 15 20 54 34 84 90 82 3 31 80 30 68 98 92 44 93 89 24 6 38 41 8 1 40 59 69 14 70 16 35 65 77 61 42 74 86 96 28 51 73 88 58 5 78 2 18 55 39 48 66 99 49 23 87 62 50 79 10 94 72
1.34867e+06 1.25679e+06 557208 60 83 29 45 22 56 91 4 25 12 63 71 75 47 21 52 95 97 17 33 27 13 36 85 32 7 0 46 26 43 11 9 37 64 81 67 53 76 19 57 15 20 54 34 84 90 82 3 31 80 30 68 98 92 44 93 89 24 6 38 41 8 1 40 59 69 14 70 16 35 65 77 61 42 74 86 96 28 51 73 88 58 5 78 2 18 55 39 48 66 99 49 23 87 62 50 79 10 94 72
1.36956e+06 1.25695e+06 555654 60 83 29 45 22 56 91 4 25 12 63 71 86 47 21 52 95 97 17 33 27 13 36 85 32 7 0 46 26 43 11 9 37 64 81 67 53 76 19 57 15 20 54 34 84 90 82 3 31 80 30 68 98 92 44 93 89 24 6 38 41 8 1 40 59 69 14 70 16 35 65 77 61 42 74 75 96 28 51 73 88 58 5 78 2 18 55 39 48 66 99 49 23 87 62 50 79 10 94 72
