1.23458e+06 1.23458e+06 698454 65 22 73 28 87 10 74 30 8 78 93 51 69 24 41 38 27 31 86 26 39 6 59 3 57 64 71 72 94 95 14 21 83 5 92 16 55 88 75 56 19 1 40 44 36 85 54 15 63 50 97 79 4 34 12 45 42 62 90 61 29 9 47 33 60 77 82 80 11 52 89 20 91 35 2 76 49 25 81 46 0 66 84 48 18 53 37 23 68 58 43 67 96 70 32 98 99 13 17 7
1.24551e+06 1.23458e+06 698454 65 22 73 28 87 10 74 30 8 78 93 51 69 24 41 38 27 31 86 26 39 6 59 3 57 64 71 72 94 95 14 21 83 5 92 16 55 88 75 56 19 1 40 44 36 85 54 15 63 50 97 79 4 34 12 45 42 62 90 61 29 9 47 33 60 77 82 80 11 52 89 20 91 35 2 76 49 25 81 46 0 66 84 48 18 53 37 23 68 58 43 67 96 70 32 98 99 13 17 7
1.25612e+06 1.23458e+06 698454 65 22 73 28 87 10 74 30 8 78 93 51 69 24 41 38 27 31 86 26 39 6 59 3 57 64 71 72 94 95 14 21 83 5 92 16 55 88 75 56 19 1 40 44 36 85 54 15 63 50 97 79 4 34 12 45 42 62 90 61 29 9 47 33 60 77 82 80 11 52 89 20 91 35 2 76 49 25 81 46 0 66 84 48 18 53 37 23 68 58 43 67 96 70 32 98 99 13 17 7
1.26642e+06 1.23458e+06 698454 65 22 73 28 87 10 74 30 8 78 93 51 69 24 41 38 27 31 86 26 39 6 59 3 57 64 71 72 94 95 14 21 83 5 92 16 55 88 75 56 19 1 40 44 36 85 54 15 63 50 97 79 4 34 12 45 42 62 90 61 29 9 47 33 60 77 82 80 11 52 89 20 91 35 2 76 49 25 81 46 0 66 84 48 18 53 37 23 68 58 43 67 96 70 32 98 99 13 17 7
1.27635e+06 1.235e+06 691176 65 22 73 28 87 10 74 30 8 78 93 51 69 24 41 38 27 31 86 26 97 6 59 3 57 64 71 72 94 95 14 21 83 5 92 16 55 88 75 56 19 1 40 44 36 85 54 15 63 50 39 79 4 34 12 45 42 62 90 61 29 9 47 33 60 77 76 80 11 52 89 20 91 35 2 82 49 25 81 46 0 66 84 48 18 53 37 23 68 58 43 67 96 70 32 98 99 13 17 7
1.28586e+06 1.23569e+06 682200 65 22 73 28 87 10 74 30 8 78 93 51 69 24 41 38 27 31 86 36 97 6 59 3 57 64 71 72 94 95 14 21 83 5 92 16 55 88 75 56 26 1 40 44 19 85 54 15 63 50 39 79 4 34 12 45 42 62 90 61 29 9 47 33 60 77 76 80 11 52 89 20 91 35 2 82 49 25 81 46 0 66 84 48 18 53 37 23 68 58 43 67 96 70 32 98 99 13 17 7
1.29494e+06 1.23569e+06 682200 65 22 73 28 87 10 74 30 8 78 93 51 69 24 41 38 27 31 86 36 97 6 59 3 57 64 71 72 94 95 14 21 83 5 92 16 55 88 75 56 26 1 40 44 19 85 54 15 63 50 39 79 4 34 12 45 42 62 90 61 29 9 47 33 60 77 76 80 11 52 89 20 91 35 2 82 49 25 81 46 0 66 84 48 18 53 37 23 68 58 43 67 96 70 32 98 99 13 17 7
1.30369e+06 1.23569e+06 682200 65 22 73 28 87 10 74 30 8 78 93 51 69 24 41 38 27 31 86 36 97 6 59 3 57 64 71 72 94 95 14 21 83 5 92 16 55 88 75 56 26 1 40 44 19 85 54 15 63 50 39 79 4 34 12 45 42 62 90 61 29 9 47 33 60 77 76 80 11 52 89 20 91 35 2 82 49 25 81 46 0 66 84 48 18 53 37 23 68 58 43 67 96 70 32 98 99 13 17 7
1.31203e+06 1.23704e+06 671026 65 22 73 28 87 10 74 30 8 78 93 51 69 24 72 38 27 31 86 26 97 33 59 3 57 64 71 41 94 95 14 21 83 5 88 16 55 67 75 56 19 1 40 44 92 85 54 15 63 50 39 79 4 34 12 45 42 62 90 61 29 9 47 98 60 77 76 80 11 52 89 20 91 35 2 82 49 25 81 46 0 66 84 48 18 53 37 23 68 58 43 36 96 70 32 6 99 13 17 7
1.31995e+06 1.23704e+06 671026 65 22 73 28 87 10 74 30 8 78 93 51 69 24 72 38 27 31 86 26 97 33 59 3 57 64 71 41 94 95 14 21 83 5 88 16 55 67 75 56 19 1 40 44 92 85 54 15 63 50 39 79 4 34 12 45 42 62 90 61 29 9 47 98 60 77 76 80 11 52 89 20 91 35 2 82 49 25 81 46 0 66 84 48 18 53 37 23 68 58 43 36 96 70 32 6 99 13 17 7
1.32617e+06 1.25231e+06 567010 64 63 42 18 0 34 30 56 41 24 48 92 32 28 47 11 9 80 43 97 20 31 89 22 75 2 46 82 91 83 98 65 60 96 81 15 66 76 74 17 21 86 40 59 37 44 67 73 68 79 53 84 49 93 95 38 39 23 3 16 88 57 33 45 8 62 14 55 13 77 36 70 52 7 69 87 99 72 1 58 51 50 25 54 4 26 29 78 6 85 94 90 27 71 12 35 10 19 5 61
1.33175e+06 1.25231e+06 567010 64 63 42 18 0 34 30 56 41 24 48 92 32 28 47 11 9 80 43 97 20 31 89 22 75 2 46 82 91 83 98 65 60 96 81 15 66 76 74 17 21 86 40 59 37 44 67 73 68 79 53 84 49 93 95 38 39 23 3 16 88 57 33 45 8 62 14 55 13 77 36 70 52 7 69 87 99 72 1 58 51 50 25 54 4 26 29 78 6 85 94 90 27 71 12 35 10 19 5 61
1.33699e+06 1.25231e+06 567010 64 63 42 18 0 34 30 56 41 24 48 92 32 28 47 11 9 80 43 97 20 31 89 22 75 2 46 82 91 83 98 65 60 96 81 15 66 76 74 17 21 86 40 59 37 44 67 73 68 79 53 84 49 93 95 38 39 23 3 16 88 57 33 45 8 62 14 55 13 77 36 70 52 7 69 87 99 72 1 58 51 50 25 54 4 26 29 78 6 85 94 90 27 71 12 35 10 19 5 61
1.3419e+06 1.25231e+06 567010 64 63 42 18 0 34 30 56 41 24 48 92 32 28 47 11 9 80 43 97 20 31 89 22 75 2 46 82 91 83 98 65 60 96 81 15 66 76 74 17 21 86 40 59 37 44 67 73 68 79 53 84 49 93 95 38 39 23 3 16 88 57 33 45 8 62 14 55 13 77 36 70 52 7 69 87 99 72 1 58 51 50 25 54 4 26 29 78 6 85 94 90 27 71 12 35 10 19 5 61
1.34646e+06 1.25231e+06 567010 64 63 42 18 0 34 30 56 41 24 48 92 32 28 47 11 9 80 43 97 20 31 89 22 75 2 46 82 91 83 98 65 60 96 81 15 66 76 74 17 21 86 40 59 37 44 67 73 68 79 53 84 49 93 95 38 39 23 3 16 88 57 33 45 8 62 14 55 13 77 36 70 52 7 69 87 99 72 1 58 51 50 25 54 4 26 29 78 6 85 94 90 27 71 12 35 10 19 5 61
1.35033e+06 1.25757e+06 543834 64 4 42 94 80 34 30 56 41 24 48 92 32 28 47 11 9 49 43 96 20 31 63 15 75 2 46 82 91 83 98 65 60 8 81 89 66 76 74 17 21 86 40 59 3 37 67 73 68 79 53 84 22 93 95 38 39 23 44 16 88 57 33 45 1 62 14 55 72 77 36 70 52 7 69 87 99 13 97 58 51 50 25 54 0 26 29 78 6 85 18 90 27 71 12 35 10 19 5 61
1.35378e+06 1.25878e+06 538934 64 0 42 94 80 34 30 56 41 24 48 92 32 28 47 11 9 49 43 96 20 31 63 15 75 2 46 82 91 83 98 65 60 8 81 89 66 76 74 17 21 86 40 59 37 44 67 73 68 79 53 84 22 93 95 38 39 23 3 16 88 57 33 45 1 62 14 55 72 77 36 70 52 7 69 87 99 13 97 58 51 50 25 54 4 26 29 78 6 85 18 90 27 71 12 35 10 19 5 61
1.35688e+06 1.25878e+06 538934 64 0 42 94 80 34 30 56 41 24 48 92 32 28 47 11 9 49 43 96 20 31 63 15 75 2 46 82 91 83 98 65 60 8 81 89 66 76 74 17 21 86 40 59 37 44 67 73 68 79 53 84 22 93 95 38 39 23 3 16 88 57 33 45 1 62 14 55 72 77 36 70 52 7 69 87 99 13 97 58 51 50 25 54 4 26 29 78 6 85 18 90 27 71 12 35 10 19 5 61
1.3596e+06 1.2594e+06 536744 64 0 42 94 80 4 30 56 41 24 48 92 32 28 47 11 9 49 43 96 20 31 63 15 75 22 46 82 91 83 98 65 60 8 81 89 66 76 74 17 21 86 40 59 37 44 67 73 68 79 53 84 2 93 95 38 39 23 3 16 88 57 33 45 1 62 14 55 72 77 36 70 52 7 69 87 99 13 97 58 51 50 25 54 34 26 29 78 6 85 18 90 27 71 12 35 10 19 5 61
1.36197e+06 1.2594e+06 536744 64 0 42 94 80 4 30 56 41 24 48 92 32 28 47 11 9 49 43 96 20 31 63 15 75 22 46 82 91 83 98 65 60 8 81 89 66 76 74 17 21 86 40 59 37 44 67 73 68 79 53 84 2 93 95 38 39 23 3 16 88 57 33 45 1 62 14 55 72 77 36 70 52 7 69 87 99 13 97 58 51 50 25 54 34 26 29 78 6 85 18 90 27 71 12 35 10 19 5 61
1.364e+06 1.2594e+06 536744 64 0 42 94 80 4 30 56 41 24 48 92 32 28 47 11 9 49 43 96 20 31 63 15 75 22 46 82 91 83 98 65 60 8 81 89 66 76 74 17 21 86 40 59 37 44 67 73 68 79 53 84 2 93 95 38 39 23 3 16 88 57 33 45 1 62 14 55 72 77 36 70 52 7 69 87 99 13 97 58 51 50 25 54 34 26 29 78 6 85 18 90 27 71 12 35 10 19 5 61
1.36568e+06 1.2594e+06 536744 64 0 42 94 80 4 30 56 41 24 48 92 32 28 47 11 9 49 43 96 20 31 63 15 75 22 46 82 91 83 98 65 60 8 81 89 66 76 74 17 21 86 40 59 37 44 67 73 68 79 53 84 2 93 95 38 39 23 3 16 88 57 33 45 1 62 14 55 72 77 36 70 52 7 69 87 99 13 97 58 51 50 25 54 34 26 29 78 6 85 18 90 27 71 12 35 10 19 5 61
1.36702e+06 1.2594e+06 536744 64 0 42 94 80 4 30 56 41 24 48 92 32 28 47 11 9 49 43 96 20 31 63 15 75 22 46 82 91 83 98 65 60 8 81 89 66 76 74 17 21 86 40 59 37 44 67 73 68 79 53 84 2 93 95 38 39 23 3 16 88 57 33 45 1 62 14 55 72 77 36 70 52 7 69 87 99 13 97 58 51 50 25 54 34 26 29 78 6 85 18 90 27 71 12 35 10 19 5 61
1.36798e+06 1.26477e+06 522570 64 0 42 94 80 34 30 56 41 24 48 92 32 28 47 11 51 49 43 96 20 31 63 15 75 2 60 82 91 83 98 37 46 8 81 38 66 76 74 17 21 86 40 59 65 44 67 73 68 79 53 84 22 93 95 89 39 23 3 16 88 57 33 45 1 62 14 55 10 77 36 70 52 7 69 87 99 13 97 58 9 50 25 54 4 26 29 78 6 85 18 90 27 71 12 35 72 19 5 61
1.36839e+06 1.26477e+06 522570 64 0 42 94 80 34 30 56 41 24 48 92 32 28 47 11 51 49 43 96 20 31 63 15 75 2 60 82 91 83 98 37 46 8 81 38 66 76 74 17 21 86 40 59 65 44 67 73 68 79 53 84 22 93 95 89 39 23 3 16 88 57 33 45 1 62 14 55 10 77 36 70 52 7 69 87 99 13 97 58 9 50 25 54 4 26 29 78 6 85 18 90 27 71 12 35 72 19 5 61
1.36846e+06 1.26477e+06 522570 64 0 42 94 80 34 30 56 41 24 48 92 32 28 47 11 51 49 43 96 20 31 63 15 75 2 60 82 91 83 98 37 46 8 81 38 66 76 74 17 21 86 40 59 65 44 67 73 68 79 53 84 22 93 95 89 39 23 3 16 88 57 33 45 1 62 14 55 10 77 36 70 52 7 69 87 99 13 97 58 9 50 25 54 4 26 29 78 6 85 18 90 27 71 12 35 72 19 5 61
1.36818e+06 1.26477e+06 522570 64 0 42 94 80 34 30 56 41 24 48 92 32 28 47 11 51 49 43 96 20 31 63 15 75 2 60 82 91 83 98 37 46 8 81 38 66 76 74 17 21 86 40 59 65 44 67 73 68 79 53 84 22 93 95 89 39 23 3 16 88 57 33 45 1 62 14 55 10 77 36 70 52 7 69 87 99 13 97 58 9 50 25 54 4 26 29 78 6 85 18 90 27 71 12 35 72 19 5 61
1.36756e+06 1.26477e+06 522570 64 0 42 94 80 34 30 56 41 24 48 92 32 28 47 11 51 49 43 96 20 31 63 15 75 2 60 82 91 83 98 37 46 8 81 38 66 76 74 17 21 86 40 59 65 44 67 73 68 79 53 84 22 93 95 89 39 23 3 16 88 57 33 45 1 62 14 55 10 77 36 70 52 7 69 87 99 13 97 58 9 50 25 54 4 26 29 78 6 85 18 90 27 71 12 35 72 19 5 61
1.36659e+06 1.26477e+06 522570 64 0 42 94 80 34 30 56 41 24 48 92 32 28 47 11 51 49 43 96 20 31 63 15 75 2 60 82 91 83 98 37 46 8 81 38 66 76 74 17 21 86 40 59 65 44 67 73 68 79 53 84 22 93 95 89 39 23 3 16 88 57 33 45 1 62 14 55 10 77 36 70 52 7 69 87 99 13 97 58 9 50 25 54 4 26 29 78 6 85 18 90 27 71 12 35 72 19 5 61
1.36528e+06 1.26477e+06 522570 64 0 42 94 80 34 30 56 41 24 48 92 32 28 47 11 51 49 43 96 20 31 63 15 75 2 60 82 91 83 98 37 46 8 81 38 66 76 74 17 21 86 40 59 65 44 67 73 68 79 53 84 22 93 95 89 39 23 3 16 88 57 33 45 1 62 14 55 10 77 36 70 52 7 69 87 99 13 97 58 9 50 25 54 4 26 29 78 6 85 18 90 27 71 12 35 72 19 5 61
1.36361e+06 1.26659e+06 519012 64 0 42 94 80 34 30 56 41 24 48 92 32 28 47 11 51 49 43 96 20 31 54 15 75 2 60 82 91 83 98 37 46 8 81 38 66 76 74 17 21 86 40 59 65 44 67 73 68 79 53 84 22 93 95 89 39 23 3 16 88 57 33 45 1 62 14 55 10 77 36 70 52 7 69 87 99 13 97 58 9 50 25 63 4 26 29 78 6 85 18 90 27 71 12 35 72 19 5 61
1.36155e+06 1.26659e+06 519012 64 0 42 94 80 34 30 56 41 24 48 92 32 28 47 11 51 49 43 96 20 31 54 15 75 2 60 82 91 83 98 37 46 8 81 38 66 76 74 17 21 86 40 59 65 44 67 73 68 79 53 84 22 93 95 89 39 23 3 16 88 57 33 45 1 62 14 55 10 77 36 70 52 7 69 87 99 13 97 58 9 50 25 63 4 26 29 78 6 85 18 90 27 71 12 35 72 19 5 61
1.3578e+06 1.29955e+06 457002 59 24 19 93 17 26 4 33 45 42 38 6 32 84 72 44 39 70 71 96 98 53 20 85 54 43 92 65 7 23 78 88 29 95 47 15 9 25 63 83 67 57 27 21 31 90 46 41 56 79 1 60 18 91 69 51 80 73 3 37 16 76 81 68 62 35 34 40 55 77 10 94 64 13 74 87 2 82 8 75 5 50 22 61 14 28 89 30 66 36 0 58 48 97 49 12 52 86 11 99
1.35394e+06 1.29955e+06 457002 59 24 19 93 17 26 4 33 45 42 38 6 32 84 72 44 39 70 71 96 98 53 20 85 54 43 92 65 7 23 78 88 29 95 47 15 9 25 63 83 67 57 27 21 31 90 46 41 56 79 1 60 18 91 69 51 80 73 3 37 16 76 81 68 62 35 34 40 55 77 10 94 64 13 74 87 2 82 8 75 5 50 22 61 14 28 89 30 66 36 0 58 48 97 49 12 52 86 11 99
1.34974e+06 1.29955e+06 457002 59 24 19 93 17 26 4 33 45 42 38 6 32 84 72 44 39 70 71 96 98 53 20 85 54 43 92 65 7 23 78 88 29 95 47 15 9 25 63 83 67 57 27 21 31 90 46 41 56 79 1 60 18 91 69 51 80 73 3 37 16 76 81 68 62 35 34 40 55 77 10 94 64 13 74 87 2 82 8 75 5 50 22 61 14 28 89 30 66 36 0 58 48 97 49 12 52 86 11 99
1.3452e+06 1.29955e+06 457002 59 24 19 93 17 26 4 33 45 42 38 6 32 84 72 44 39 70 71 96 98 53 20 85 54 43 92 65 7 23 78 88 29 95 47 15 9 25 63 83 67 57 27 21 31 90 46 41 56 79 1 60 18 91 69 51 80 73 3 37 16 76 81 68 62 35 34 40 55 77 10 94 64 13 74 87 2 82 8 75 5 50 22 61 14 28 89 30 66 36 0 58 48 97 49 12 52 86 11 99
1.34032e+06 1.29955e+06 457002 59 24 19 93 17 26 4 33 45 42 38 6 32 84 72 44 39 70 71 96 98 53 20 85 54 43 92 65 7 23 78 88 29 95 47 15 9 25 63 83 67 57 27 21 31 90 46 41 56 79 1 60 18 91 69 51 80 73 3 37 16 76 81 68 62 35 34 40 55 77 10 94 64 13 74 87 2 82 8 75 5 50 22 61 14 28 89 30 66 36 0 58 48 97 49 12 52 86 11 99
1.33506e+06 1.30066e+06 455250 59 24 19 93 17 26 4 33 45 42 38 6 32 84 72 44 39 70 71 40 98 53 20 85 54 43 92 65 7 23 78 88 29 95 47 15 9 25 63 83 67 57 27 21 31 90 46 41 56 79 1 60 18 91 69 51 80 73 3 37 16 76 81 68 62 35 34 96 55 77 10 94 64 13 74 87 2 82 8 75 5 50 22 61 14 28 89 30 66 36 0 58 48 97 49 12 52 86 11 99
1.32948e+06 1.30066e+06 455250 59 24 19 93 17 26 4 33 45 42 38 6 32 84 72 44 39 70 71 40 98 53 20 85 54 43 92 65 7 23 78 88 29 95 47 15 9 25 63 83 67 57 27 21 31 90 46 41 56 79 1 60 18 91 69 51 80 73 3 37 16 76 81 68 62 35 34 96 55 77 10 94 64 13 74 87 2 82 8 75 5 50 22 61 14 28 89 30 66 36 0 58 48 97 49 12 52 86 11 99
1.32356e+06 1.30066e+06 455250 59 24 19 93 17 26 4 33 45 42 38 6 32 84 72 44 39 70 71 40 98 53 20 85 54 43 92 65 7 23 78 88 29 95 47 15 9 25 63 83 67 57 27 21 31 90 46 41 56 79 1 60 18 91 69 51 80 73 3 37 16 76 81 68 62 35 34 96 55 77 10 94 64 13 74 87 2 82 8 75 5 50 22 61 14 28 89 30 66 36 0 58 48 97 49 12 52 86 11 99
1.31731e+06 1.30066e+06 455250 59 24 19 93 17 26 4 33 45 42 38 6 32 84 72 44 39 70 71 40 98 53 20 85 54 43 92 65 7 23 78 88 29 95 47 15 9 25 63 83 67 57 27 21 31 90 46 41 56 79 1 60 18 91 69 51 80 73 3 37 16 76 81 68 62 35 34 96 55 77 10 94 64 13 74 87 2 82 8 75 5 50 22 61 14 28 89 30 66 36 0 58 48 97 49 12 52 86 11 99
1.31072e+06 1.30066e+06 455250 59 24 19 93 17 26 4 33 45 42 38 6 32 84 72 44 39 70 71 40 98 53 20 85 54 43 92 65 7 23 78 88 29 95 47 15 9 25 63 83 67 57 27 21 31 90 46 41 56 79 1 60 18 91 69 51 80 73 3 37 16 76 81 68 62 35 34 96 55 77 10 94 64 13 74 87 2 82 8 75 5 50 22 61 14 28 89 30 66 36 0 58 48 97 49 12 52 86 11 99
1.30381e+06 1.30066e+06 455250 59 24 19 93 17 26 4 33 45 42 38 6 32 84 72 44 39 70 71 40 98 53 20 85 54 43 92 65 7 23 78 88 29 95 47 15 9 25 63 83 67 57 27 21 31 90 46 41 56 79 1 60 18 91 69 51 80 73 3 37 16 76 81 68 62 35 34 96 55 77 10 94 64 13 74 87 2 82 8 75 5 50 22 61 14 28 89 30 66 36 0 58 48 97 49 12 52 86 11 99
1.29656e+06 1.30066e+06 455250 59 24 19 93 17 26 4 33 45 42 38 6 32 84 72 44 39 70 71 40 98 53 20 85 54 43 92 65 7 23 78 88 29 95 47 15 9 25 63 83 67 57 27 21 31 90 46 41 56 79 1 60 18 91 69 51 80 73 3 37 16 76 81 68 62 35 34 96 55 77 10 94 64 13 74 87 2 82 8 75 5 50 22 61 14 28 89 30 66 36 0 58 48 97 49 12 52 86 11 99
1.28899e+06 1.30066e+06 455250 59 24 19 93 17 26 4 33 45 42 38 6 32 84 72 44 39 70 71 40 98 53 20 85 54 43 92 65 7 23 78 88 29 95 47 15 9 25 63 83 67 57 27 21 31 90 46 41 56 79 1 60 18 91 69 51 80 73 3 37 16 76 81 68 62 35 34 96 55 77 10 94 64 13 74 87 2 82 8 75 5 50 22 61 14 28 89 30 66 36 0 58 48 97 49 12 52 86 11 99
1.2811e+06 1.30066e+06 455250 59 24 19 93 17 26 4 33 45 42 38 6 32 84 72 44 39 70 71 40 98 53 20 85 54 43 92 65 7 23 78 88 29 95 47 15 9 25 63 83 67 57 27 21 31 90 46 41 56 79 1 60 18 91 69 51 80 73 3 37 16 76 81 68 62 35 34 96 55 77 10 94 64 13 74 87 2 82 8 75 5 50 22 61 14 28 89 30 66 36 0 58 48 97 49 12 52 86 11 99
1.27288e+06 1.30066e+06 455250 59 24 19 93 17 26 4 33 45 42 38 6 32 84 72 44 39 70 71 40 98 53 20 85 54 43 92 65 7 23 78 88 29 95 47 15 9 25 63 83 67 57 27 21 31 90 46 41 56 79 1 60 18 91 69 51 80 73 3 37 16 76 81 68 62 35 34 96 55 77 10 94 64 13 74 87 2 82 8 75 5 50 22 61 14 28 89 30 66 36 0 58 48 97 49 12 52 86 11 99
1.26435e+06 1.30066e+06 455250 59 24 19 93 17 26 4 33 45 42 38 6 32 84 72 44 39 70 71 40 98 53 20 85 54 43 92 65 7 23 78 88 29 95 47 15 9 25 63 83 67 57 27 21 31 90 46 41 56 79 1 60 18 91 69 51 80 73 3 37 16 76 81 68 62 35 34 96 55 77 10 94 64 13 74 87 2 82 8 75 5 50 22 61 14 28 89 30 66 36 0 58 48 97 49 12 52 86 11 99
1.25549e+06 1.30066e+06 455250 59 24 19 93 17 26 4 33 45 42 38 6 32 84 72 44 39 70 71 40 98 53 20 85 54 43 92 65 7 23 78 88 29 95 47 15 9 25 63 83 67 57 27 21 31 90 46 41 56 79 1 60 18 91 69 51 80 73 3 37 16 76 81 68 62 35 34 96 55 77 10 94 64 13 74 87 2 82 8 75 5 50 22 61 14 28 89 30 66 36 0 58 48 97 49 12 52 86 11 99
1.24632e+06 1.30066e+06 455250 59 24 19 93 17 26 4 33 45 42 38 6 32 84 72 44 39 70 71 40 98 53 20 85 54 43 92 65 7 23 78 88 29 95 47 15 9 25 63 83 67 57 27 21 31 90 46 41 56 79 1 60 18 91 69 51 80 73 3 37 16 76 81 68 62 35 34 96 55 77 10 94 64 13 74 87 2 82 8 75 5 50 22 61 14 28 89 30 66 36 0 58 48 97 49 12 52 86 11 99
1.23684e+06 1.30066e+06 455250 59 24 19 93 17 26 4 33 45 42 38 6 32 84 72 44 39 70 71 40 98 53 20 85 54 43 92 65 7 23 78 88 29 95 47 15 9 25 63 83 67 57 27 21 31 90 46 41 56 79 1 60 18 91 69 51 80 73 3 37 16 76 81 68 62 35 34 96 55 77 10 94 64 13 74 87 2 82 8 75 5 50 22 61 14 28 89 30 66 36 0 58 48 97 49 12 52 86 11 99
1.22696e+06 1.31937e+06 437296 59 24 19 93 17 26 76 44 45 46 38 6 32 73 72 74 69 70 71 42 98 53 20 85 54 67 92 65 95 40 78 88 82 43 81 15 9 49 63 80 83 27 5 21 31 90 57 41 56 79 89 4 18 91 62 23 51 84 3 39 16 64 1 68 8 35 34 7 55 77 10 47 33 13 36 87 2 25 97 75 22 50 29 61 14 28 94 30 66 96 0 58 48 86 60 12 52 37 11 99
1.21644e+06 1.31937e+06 437296 59 24 19 93 17 26 76 44 45 46 38 6 32 73 72 74 69 70 71 42 98 53 20 85 54 67 92 65 95 40 78 88 82 43 81 15 9 49 63 80 83 27 5 21 31 90 57 41 56 79 89 4 18 91 62 23 51 84 3 39 16 64 1 68 8 35 34 7 55 77 10 47 33 13 36 87 2 25 97 75 22 50 29 61 14 28 94 30 66 96 0 58 48 86 60 12 52 37 11 99
1.20562e+06 1.31937e+06 437296 59 24 19 93 17 26 76 44 45 46 38 6 32 73 72 74 69 70 71 42 98 53 20 85 54 67 92 65 95 40 78 88 82 43 81 15 9 49 63 80 83 27 5 21 31 90 57 41 56 79 89 4 18 91 62 23 51 84 3 39 16 64 1 68 8 35 34 7 55 77 10 47 33 13 36 87 2 25 97 75 22 50 29 61 14 28 94 30 66 96 0 58 48 86 60 12 52 37 11 99
1.19449e+06 1.31937e+06 437296 59 24 19 93 17 26 76 44 45 46 38 6 32 73 72 74 69 70 71 42 98 53 20 85 54 67 92 65 95 40 78 88 82 43 81 15 9 49 63 80 83 27 5 21 31 90 57 41 56 79 89 4 18 91 62 23 51 84 3 39 16 64 1 68 8 35 34 7 55 77 10 47 33 13 36 87 2 25 97 75 22 50 29 61 14 28 94 30 66 96 0 58 48 86 60 12 52 37 11 99
1.18307e+06 1.31937e+06 437296 59 24 19 93 17 26 76 44 45 46 38 6 32 73 72 74 69 70 71 42 98 53 20 85 54 67 92 65 95 40 78 88 82 43 81 15 9 49 63 80 83 27 5 21 31 90 57 41 56 79 89 4 18 91 62 23 51 84 3 39 16 64 1 68 8 35 34 7 55 77 10 47 33 13 36 87 2 25 97 75 22 50 29 61 14 28 94 30 66 96 0 58 48 86 60 12 52 37 11 99
1.17134e+06 1.31937e+06 437296 59 24 19 93 17 26 76 44 45 46 38 6 32 73 72 74 69 70 71 42 98 53 20 85 54 67 92 65 95 40 78 88 82 43 81 15 9 49 63 80 83 27 5 21 31 90 57 41 56 79 89 4 18 91 62 23 51 84 3 39 16 64 1 68 8 35 34 7 55 77 10 47 33 13 36 87 2 25 97 75 22 50 29 61 14 28 94 30 66 96 0 58 48 86 60 12 52 37 11 99
1.15932e+06 1.31937e+06 437296 59 24 19 93 17 26 76 44 45 46 38 6 32 73 72 74 69 70 71 42 98 53 20 85 54 67 92 65 95 40 78 88 82 43 81 15 9 49 63 80 83 27 5 21 31 90 57 41 56 79 89 4 18 91 62 23 51 84 3 39 16 64 1 68 8 35 34 7 55 77 10 47 33 13 36 87 2 25 97 75 22 50 29 61 14 28 94 30 66 96 0 58 48 86 60 12 52 37 11 99
1.14684e+06 1.32694e+06 431326 59 24 19 93 17 26 76 44 45 46 38 6 32 73 72 74 69 70 71 42 98 53 20 85 54 83 92 65 95 40 78 88 82 43 81 15 9 49 63 80 67 27 5 21 31 90 57 41 56 79 89 4 18 91 55 23 51 84 3 39 16 64 1 68 62 35 34 7 13 77 10 47 36 8 33 87 2 25 97 75 22 50 29 61 14 28 94 30 66 96 0 58 48 86 60 12 52 37 11 99
1.13408e+06 1.32694e+06 431326 59 24 19 93 17 26 76 44 45 46 38 6 32 73 72 74 69 70 71 42 98 53 20 85 54 83 92 65 95 40 78 88 82 43 81 15 9 49 63 80 67 27 5 21 31 90 57 41 56 79 89 4 18 91 55 23 51 84 3 39 16 64 1 68 62 35 34 7 13 77 10 47 36 8 33 87 2 25 97 75 22 50 29 61 14 28 94 30 66 96 0 58 48 86 60 12 52 37 11 99
1.12105e+06 1.32694e+06 431326 59 24 19 93 17 26 76 44 45 46 38 6 32 73 72 74 69 70 71 42 98 53 20 85 54 83 92 65 95 40 78 88 82 43 81 15 9 49 63 80 67 27 5 21 31 90 57 41 56 79 89 4 18 91 55 23 51 84 3 39 16 64 1 68 62 35 34 7 13 77 10 47 36 8 33 87 2 25 97 75 22 50 29 61 14 28 94 30 66 96 0 58 48 86 60 12 52 37 11 99
1.10773e+06 1.32694e+06 431326 59 24 19 93 17 26 76 44 45 46 38 6 32 73 72 74 69 70 71 42 98 53 20 85 54 83 92 65 95 40 78 88 82 43 81 15 9 49 63 80 67 27 5 21 31 90 57 41 56 79 89 4 18 91 55 23 51 84 3 39 16 64 1 68 62 35 34 7 13 77 10 47 36 8 33 87 2 25 97 75 22 50 29 61 14 28 94 30 66 96 0 58 48 86 60 12 52 37 11 99
1.09413e+06 1.32694e+06 431326 59 24 19 93 17 26 76 44 45 46 38 6 32 73 72 74 69 70 71 42 98 53 20 85 54 83 92 65 95 40 78 88 82 43 81 15 9 49 63 80 67 27 5 21 31 90 57 41 56 79 89 4 18 91 55 23 51 84 3 39 16 64 1 68 62 35 34 7 13 77 10 47 36 8 33 87 2 25 97 75 22 50 29 61 14 28 94 30 66 96 0 58 48 86 60 12 52 37 11 99
1.08025e+06 1.32694e+06 431326 59 24 19 93 17 26 76 44 45 46 38 6 32 73 72 74 69 70 71 42 98 53 20 85 54 83 92 65 95 40 78 88 82 43 81 15 9 49 63 80 67 27 5 21 31 90 57 41 56 79 89 4 18 91 55 23 51 84 3 39 16 64 1 68 62 35 34 7 13 77 10 47 36 8 33 87 2 25 97 75 22 50 29 61 14 28 94 30 66 96 0 58 48 86 60 12 52 37 11 99
1.0661e+06 1.32694e+06 431326 59 24 19 93 17 26 76 44 45 46 38 6 32 73 72 74 69 70 71 42 98 53 20 85 54 83 92 65 95 40 78 88 82 43 81 15 9 49 63 80 67 27 5 21 31 90 57 41 56 79 89 4 18 91 55 23 51 84 3 39 16 64 1 68 62 35 34 7 13 77 10 47 36 8 33 87 2 25 97 75 22 50 29 61 14 28 94 30 66 96 0 58 48 86 60 12 52 37 11 99
1.05169e+06 1.32694e+06 431326 59 24 19 93 17 26 76 44 45 46 38 6 32 73 72 74 69 70 71 42 98 53 20 85 54 83 92 65 95 40 78 88 82 43 81 15 9 49 63 80 67 27 5 21 31 90 57 41 56 79 89 4 18 91 55 23 51 84 3 39 16 64 1 68 62 35 34 7 13 77 10 47 36 8 33 87 2 25 97 75 22 50 29 61 14 28 94 30 66 96 0 58 48 86 60 12 52 37 11 99
1.03701e+06 1.32694e+06 431326 59 24 19 93 17 26 76 44 45 46 38 6 32 73 72 74 69 70 71 42 98 53 20 85 54 83 92 65 95 40 78 88 82 43 81 15 9 49 63 80 67 27 5 21 31 90 57 41 56 79 89 4 18 91 55 23 51 84 3 39 16 64 1 68 62 35 34 7 13 77 10 47 36 8 33 87 2 25 97 75 22 50 29 61 14 28 94 30 66 96 0 58 48 86 60 12 52 37 11 99
1.02207e+06 1.32694e+06 431326 59 24 19 93 17 26 76 44 45 46 38 6 32 73 72 74 69 70 71 42 98 53 20 85 54 83 92 65 95 40 78 88 82 43 81 15 9 49 63 80 67 27 5 21 31 90 57 41 56 79 89 4 18 91 55 23 51 84 3 39 16 64 1 68 62 35 34 7 13 77 10 47 36 8 33 87 2 25 97 75 22 50 29 61 14 28 94 30 66 96 0 58 48 86 60 12 52 37 11 99
1.00687e+06 1.32694e+06 431326 59 24 19 93 17 26 76 44 45 46 38 6 32 73 72 74 69 70 71 42 98 53 20 85 54 83 92 65 95 40 78 88 82 43 81 15 9 49 63 80 67 27 5 21 31 90 57 41 56 79 89 4 18 91 55 23 51 84 3 39 16 64 1 68 62 35 34 7 13 77 10 47 36 8 33 87 2 25 97 75 22 50 29 61 14 28 94 30 66 96 0 58 48 86 60 12 52 37 11 99
991415 1.32694e+06 431326 59 24 19 93 17 26 76 44 45 46 38 6 32 73 72 74 69 70 71 42 98 53 20 85 54 83 92 65 95 40 78 88 82 43 81 15 9 49 63 80 67 27 5 21 31 90 57 41 56 79 89 4 18 91 55 23 51 84 3 39 16 64 1 68 62 35 34 7 13 77 10 47 36 8 33 87 2 25 97 75 22 50 29 61 14 28 94 30 66 96 0 58 48 86 60 12 52 37 11 99
975713 1.32694e+06 431326 59 24 19 93 17 26 76 44 45 46 38 6 32 73 72 74 69 70 71 42 98 53 20 85 54 83 92 65 95 40 78 88 82 43 81 15 9 49 63 80 67 27 5 21 31 90 57 41 56 79 89 4 18 91 55 23 51 84 3 39 16 64 1 68 62 35 34 7 13 77 10 47 36 8 33 87 2 25 97 75 22 50 29 61 14 28 94 30 66 96 0 58 48 86 60 12 52 37 11 99
959766 1.32694e+06 431326 59 24 19 93 17 26 76 44 45 46 38 6 32 73 72 74 69 70 71 42 98 53 20 85 54 83 92 65 95 40 78 88 82 43 81 15 9 49 63 80 67 27 5 21 31 90 57 41 56 79 89 4 18 91 55 23 51 84 3 39 16 64 1 68 62 35 34 7 13 77 10 47 36 8 33 87 2 25 97 75 22 50 29 61 14 28 94 30 66 96 0 58 48 86 60 12 52 37 11 99
943577 1.32694e+06 431326 59 24 19 93 17 26 76 44 45 46 38 6 32 73 72 74 69 70 71 42 98 53 20 85 54 83 92 65 95 40 78 88 82 43 81 15 9 49 63 80 67 27 5 21 31 90 57 41 56 79 89 4 18 91 55 23 51 84 3 39 16 64 1 68 62 35 34 7 13 77 10 47 36 8 33 87 2 25 97 75 22 50 29 61 14 28 94 30 66 96 0 58 48 86 60 12 52 37 11 99
927151 1.32694e+06 431326 59 24 19 93 17 26 76 44 45 46 38 6 32 73 72 74 69 70 71 42 98 53 20 85 54 83 92 65 95 40 78 88 82 43 81 15 9 49 63 80 67 27 5 21 31 90 57 41 56 79 89 4 18 91 55 23 51 84 3 39 16 64 1 68 62 35 34 7 13 77 10 47 36 8 33 87 2 25 97 75 22 50 29 61 14 28 94 30 66 96 0 58 48 86 60 12 52 37 11 99
910491 1.32694e+06 431326 59 24 19 93 17 26 76 44 45 46 38 6 32 73 72 74 69 70 71 42 98 53 20 85 54 83 92 65 95 40 78 88 82 43 81 15 9 49 63 80 67 27 5 21 31 90 57 41 56 79 89 4 18 91 55 23 51 84 3 39 16 64 1 68 62 35 34 7 13 77 10 47 36 8 33 87 2 25 97 75 22 50 29 61 14 28 94 30 66 96 0 58 48 86 60 12 52 37 11 99
893602 1.32694e+06 431326 59 24 19 93 17 26 76 44 45 46 38 6 32 73 72 74 69 70 71 42 98 53 20 85 54 83 92 65 95 40 78 88 82 43 81 15 9 49 63 80 67 27 5 21 31 90 57 41 56 79 89 4 18 91 55 23 51 84 3 39 16 64 1 68 62 35 34 7 13 77 10 47 36 8 33 87 2 25 97 75 22 50 29 61 14 28 94 30 66 96 0 58 48 86 60 12 52 37 11 99
876487 1.32694e+06 431326 59 24 19 93 17 26 76 44 45 46 38 6 32 73 72 74 69 70 71 42 98 53 20 85 54 83 92 65 95 40 78 88 82 43 81 15 9 49 63 80 67 27 5 21 31 90 57 41 56 79 89 4 18 91 55 23 51 84 3 39 16 64 1 68 62 35 34 7 13 77 10 47 36 8 33 87 2 25 97 75 22 50 29 61 14 28 94 30 66 96 0 58 48 86 60 12 52 37 11 99
859153 1.32694e+06 431326 59 24 19 93 17 26 76 44 45 46 38 6 32 73 72 74 69 70 71 42 98 53 20 85 54 83 92 65 95 40 78 88 82 43 81 15 9 49 63 80 67 27 5 21 31 90 57 41 56 79 89 4 18 91 55 23 51 84 3 39 16 64 1 68 62 35 34 7 13 77 10 47 36 8 33 87 2 25 97 75 22 50 29 61 14 28 94 30 66 96 0 58 48 86 60 12 52 37 11 99
841602 1.32694e+06 431326 59 24 19 93 17 26 76 44 45 46 38 6 32 73 72 74 69 70 71 42 98 53 20 85 54 83 92 65 95 40 78 88 82 43 81 15 9 49 63 80 67 27 5 21 31 90 57 41 56 79 89 4 18 91 55 23 51 84 3 39 16 64 1 68 62 35 34 7 13 77 10 47 36 8 33 87 2 25 97 75 22 50 29 61 14 28 94 30 66 96 0 58 48 86 60 12 52 37 11 99
823839 1.32694e+06 431326 59 24 19 93 17 26 76 44 45 46 38 6 32 73 72 74 69 70 71 42 98 53 20 85 54 83 92 65 95 40 78 88 82 43 81 15 9 49 63 80 67 27 5 21 31 90 57 41 56 79 89 4 18 91 55 23 51 84 3 39 16 64 1 68 62 35 34 7 13 77 10 47 36 8 33 87 2 25 97 75 22 50 29 61 14 28 94 30 66 96 0 58 48 86 60 12 52 37 11 99
805868 1.32694e+06 431326 59 24 19 93 17 26 76 44 45 46 38 6 32 73 72 74 69 70 71 42 98 53 20 85 54 83 92 65 95 40 78 88 82 43 81 15 9 49 63 80 67 27 5 21 31 90 57 41 56 79 89 4 18 91 55 23 51 84 3 39 16 64 1 68 62 35 34 7 13 77 10 47 36 8 33 87 2 25 97 75 22 50 29 61 14 28 94 30 66 96 0 58 48 86 60 12 52 37 11 99
787695 1.32694e+06 431326 59 24 19 93 17 26 76 44 45 46 38 6 32 73 72 74 69 70 71 42 98 53 20 85 54 83 92 65 95 40 78 88 82 43 81 15 9 49 63 80 67 27 5 21 31 90 57 41 56 79 89 4 18 91 55 23 51 84 3 39 16 64 1 68 62 35 34 7 13 77 10 47 36 8 33 87 2 25 97 75 22 50 29 61 14 28 94 30 66 96 0 58 48 86 60 12 52 37 11 99
769324 1.32694e+06 431326 59 24 19 93 17 26 76 44 45 46 38 6 32 73 72 74 69 70 71 42 98 53 20 85 54 83 92 65 95 40 78 88 82 43 81 15 9 49 63 80 67 27 5 21 31 90 57 41 56 79 89 4 18 91 55 23 51 84 3 39 16 64 1 68 62 35 34 7 13 77 10 47 36 8 33 87 2 25 97 75 22 50 29 61 14 28 94 30 66 96 0 58 48 86 60 12 52 37 11 99
750759 1.32694e+06 431326 59 24 19 93 17 26 76 44 45 46 38 6 32 73 72 74 69 70 71 42 98 53 20 85 54 83 92 65 95 40 78 88 82 43 81 15 9 49 63 80 67 27 5 21 31 90 57 41 56 79 89 4 18 91 55 23 51 84 3 39 16 64 1 68 62 35 34 7 13 77 10 47 36 8 33 87 2 25 97 75 22 50 29 61 14 28 94 30 66 96 0 58 48 86 60 12 52 37 11 99
732005 1.32694e+06 431326 59 24 19 93 17 26 76 44 45 46 38 6 32 73 72 74 69 70 71 42 98 53 20 85 54 83 92 65 95 40 78 88 82 43 81 15 9 49 63 80 67 27 5 21 31 90 57 41 56 79 89 4 18 91 55 23 51 84 3 39 16 64 1 68 62 35 34 7 13 77 10 47 36 8 33 87 2 25 97 75 22 50 29 61 14 28 94 30 66 96 0 58 48 86 60 12 52 37 11 99
713066 1.32694e+06 431326 59 24 19 93 17 26 76 44 45 46 38 6 32 73 72 74 69 70 71 42 98 53 20 85 54 83 92 65 95 40 78 88 82 43 81 15 9 49 63 80 67 27 5 21 31 90 57 41 56 79 89 4 18 91 55 23 51 84 3 39 16 64 1 68 62 35 34 7 13 77 10 47 36 8 33 87 2 25 97 75 22 50 29 61 14 28 94 30 66 96 0 58 48 86 60 12 52 37 11 99
693948 1.32694e+06 431326 59 24 19 93 17 26 76 44 45 46 38 6 32 73 72 74 69 70 71 42 98 53 20 85 54 83 92 65 95 40 78 88 82 43 81 15 9 49 63 80 67 27 5 21 31 90 57 41 56 79 89 4 18 91 55 23 51 84 3 39 16 64 1 68 62 35 34 7 13 77 10 47 36 8 33 87 2 25 97 75 22 50 29 61 14 28 94 30 66 96 0 58 48 86 60 12 52 37 11 99
674656 1.32694e+06 431326 59 24 19 93 17 26 76 44 45 46 38 6 32 73 72 74 69 70 71 42 98 53 20 85 54 83 92 65 95 40 78 88 82 43 81 15 9 49 63 80 67 27 5 21 31 90 57 41 56 79 89 4 18 91 55 23 51 84 3 39 16 64 1 68 62 35 34 7 13 77 10 47 36 8 33 87 2 25 97 75 22 50 29 61 14 28 94 30 66 96 0 58 48 86 60 12 52 37 11 99
655193 1.32694e+06 431326 59 24 19 93 17 26 76 44 45 46 38 6 32 73 72 74 69 70 71 42 98 53 20 85 54 83 92 65 95 40 78 88 82 43 81 15 9 49 63 80 67 27 5 21 31 90 57 41 56 79 89 4 18 91 55 23 51 84 3 39 16 64 1 68 62 35 34 7 13 77 10 47 36 8 33 87 2 25 97 75 22 50 29 61 14 28 94 30 66 96 0 58 48 86 60 12 52 37 11 99
635566 1.32694e+06 431326 59 24 19 93 17 26 76 44 45 46 38 6 32 73 72 74 69 70 71 42 98 53 20 85 54 83 92 65 95 40 78 88 82 43 81 15 9 49 63 80 67 27 5 21 31 90 57 41 56 79 89 4 18 91 55 23 51 84 3 39 16 64 1 68 62 35 34 7 13 77 10 47 36 8 33 87 2 25 97 75 22 50 29 61 14 28 94 30 66 96 0 58 48 86 60 12 52 37 11 99
615778 1.32694e+06 431326 59 24 19 93 17 26 76 44 45 46 38 6 32 73 72 74 69 70 71 42 98 53 20 85 54 83 92 65 95 40 78 88 82 43 81 15 9 49 63 80 67 27 5 21 31 90 57 41 56 79 89 4 18 91 55 23 51 84 3 39 16 64 1 68 62 35 34 7 13 77 10 47 36 8 33 87 2 25 97 75 22 50 29 61 14 28 94 30 66 96 0 58 48 86 60 12 52 37 11 99
595836 1.32694e+06 431326 59 24 19 93 17 26 76 44 45 46 38 6 32 73 72 74 69 70 71 42 98 53 20 85 54 83 92 65 95 40 78 88 82 43 81 15 9 49 63 80 67 27 5 21 31 90 57 41 56 79 89 4 18 91 55 23 51 84 3 39 16 64 1 68 62 35 34 7 13 77 10 47 36 8 33 87 2 25 97 75 22 50 29 61 14 28 94 30 66 96 0 58 48 86 60 12 52 37 11 99
575744 1.32694e+06 431326 59 24 19 93 17 26 76 44 45 46 38 6 32 73 72 74 69 70 71 42 98 53 20 85 54 83 92 65 95 40 78 88 82 43 81 15 9 49 63 80 67 27 5 21 31 90 57 41 56 79 89 4 18 91 55 23 51 84 3 39 16 64 1 68 62 35 34 7 13 77 10 47 36 8 33 87 2 25 97 75 22 50 29 61 14 28 94 30 66 96 0 58 48 86 60 12 52 37 11 99
555498 1.32829e+06 431188 59 24 19 93 17 26 76 44 45 46 38 6 32 73 72 74 69 70 71 42 98 53 20 85 54 83 92 65 95 40 78 88 82 43 81 15 9 49 63 80 67 27 5 21 31 90 57 41 56 79 89 4 18 91 55 23 51 84 3 39 16 64 1 68 62 35 34 7 13 77 10 47 50 8 33 87 2 25 97 75 22 96 29 61 14 28 94 30 66 36 0 58 48 86 60 12 52 37 11 99
535099 1.32829e+06 431188 59 24 19 93 17 26 76 44 45 46 38 6 32 73 72 74 69 70 71 42 98 53 20 85 54 83 92 65 95 40 78 88 82 43 81 15 9 49 63 80 67 27 5 21 31 90 57 41 56 79 89 4 18 91 55 23 51 84 3 39 16 64 1 68 62 35 34 7 13 77 10 47 50 8 33 87 2 25 97 75 22 96 29 61 14 28 94 30 66 36 0 58 48 86 60 12 52 37 11 99
514565 1.32829e+06 431188 59 24 19 93 17 26 76 44 45 46 38 6 32 73 72 74 69 70 71 42 98 53 20 85 54 83 92 65 95 40 78 88 82 43 81 15 9 49 63 80 67 27 5 21 31 90 57 41 56 79 89 4 18 91 55 23 51 84 3 39 16 64 1 68 62 35 34 7 13 77 10 47 50 8 33 87 2 25 97 75 22 96 29 61 14 28 94 30 66 36 0 58 48 86 60 12 52 37 11 99
493902 1.32829e+06 431188 59 24 19 93 17 26 76 44 45 46 38 6 32 73 72 74 69 70 71 42 98 53 20 85 54 83 92 65 95 40 78 88 82 43 81 15 9 49 63 80 67 27 5 21 31 90 57 41 56 79 89 4 18 91 55 23 51 84 3 39 16 64 1 68 62 35 34 7 13 77 10 47 50 8 33 87 2 25 97 75 22 96 29 61 14 28 94 30 66 36 0 58 48 86 60 12 52 37 11 99
473115 1.32829e+06 431188 59 24 19 93 17 26 76 44 45 46 38 6 32 73 72 74 69 70 71 42 98 53 20 85 54 83 92 65 95 40 78 88 82 43 81 15 9 49 63 80 67 27 5 21 31 90 57 41 56 79 89 4 18 91 55 23 51 84 3 39 16 64 1 68 62 35 34 7 13 77 10 47 50 8 33 87 2 25 97 75 22 96 29 61 14 28 94 30 66 36 0 58 48 86 60 12 52 37 11 99
452208 1.32829e+06 431188 59 24 19 93 17 26 76 44 45 46 38 6 32 73 72 74 69 70 71 42 98 53 20 85 54 83 92 65 95 40 78 88 82 43 81 15 9 49 63 80 67 27 5 21 31 90 57 41 56 79 89 4 18 91 55 23 51 84 3 39 16 64 1 68 62 35 34 7 13 77 10 47 50 8 33 87 2 25 97 75 22 96 29 61 14 28 94 30 66 36 0 58 48 86 60 12 52 37 11 99
431188 1.32829e+06 431188 59 24 19 93 17 26 76 44 45 46 38 6 32 73 72 74 69 70 71 42 98 53 20 85 54 83 92 65 95 40 78 88 82 43 81 15 9 49 63 80 67 27 5 21 31 90 57 41 56 79 89 4 18 91 55 23 51 84 3 39 16 64 1 68 62 35 34 7 13 77 10 47 50 8 33 87 2 25 97 75 22 96 29 61 14 28 94 30 66 36 0 58 48 86 60 12 52 37 11 99
