1.35745e+06 1.28103e+06 517500 36 24 80 55 35 28 30 44 54 38 15 92 32 22 47 11 9 70 43 96 20 31 66 18 75 61 60 82 91 83 98 65 46 49 81 48 84 76 53 17 21 74 40 59 37 90 67 41 68 79 86 71 94 93 95 8 39 23 3 16 88 57 33 45 1 77 14 25 72 62 64 89 52 7 69 87 99 73 97 58 51 50 29 63 4 26 56 78 6 85 0 13 27 34 19 12 10 42 5 2
1.37357e+06 1.28103e+06 517500 36 24 80 55 35 28 30 44 54 38 15 92 32 22 47 11 9 70 43 96 20 31 66 18 75 61 60 82 91 83 98 65 46 49 81 48 84 76 53 17 21 74 40 59 37 90 67 41 68 79 86 71 94 93 95 8 39 23 3 16 88 57 33 45 1 77 14 25 72 62 64 89 52 7 69 87 99 73 97 58 51 50 29 63 4 26 56 78 6 85 0 13 27 34 19 12 10 42 5 2
1.37104e+06 1.28103e+06 517500 36 24 80 55 35 28 30 44 54 38 15 92 32 22 47 11 9 70 43 96 20 31 66 18 75 61 60 82 91 83 98 65 46 49 81 48 84 76 53 17 21 74 40 59 37 90 67 41 68 79 86 71 94 93 95 8 39 23 3 16 88 57 33 45 1 77 14 25 72 62 64 89 52 7 69 87 99 73 97 58 51 50 29 63 4 26 56 78 6 85 0 13 27 34 19 12 10 42 5 2
1.38105e+06 1.28103e+06 517500 36 24 80 55 35 28 30 44 54 38 15 92 32 22 47 11 9 70 43 96 20 31 66 18 75 61 60 82 91 83 98 65 46 49 81 48 84 76 53 17 21 74 40 59 37 90 67 41 68 79 86 71 94 93 95 8 39 23 3 16 88 57 33 45 1 77 14 25 72 62 64 89 52 7 69 87 99 73 97 58 51 50 29 63 4 26 56 78 6 85 0 13 27 34 19 12 10 42 5 2
1.37576e+06 1.28103e+06 517500 36 24 80 55 35 28 30 44 54 38 15 92 32 22 47 11 9 70 43 96 20 31 66 18 75 61 60 82 91 83 98 65 46 49 81 48 84 76 53 17 21 74 40 59 37 90 67 41 68 79 86 71 94 93 95 8 39 23 3 16 88 57 33 45 1 77 14 25 72 62 64 89 52 7 69 87 99 73 97 58 51 50 29 63 4 26 56 78 6 85 0 13 27 34 19 12 10 42 5 2
1.38082e+06 1.27935e+06 520784 36 24 80 55 35 28 30 44 54 38 15 92 32 22 47 11 9 70 43 96 20 31 66 18 75 61 46 82 91 83 98 65 49 60 81 48 84 76 53 17 21 74 40 59 37 90 67 41 68 79 86 71 94 93 95 8 39 4 3 16 88 57 33 45 1 77 14 25 72 62 64 89 52 7 69 87 99 73 97 58 51 50 29 63 23 26 56 78 6 85 0 13 27 34 19 12 10 42 5 2
1.37755e+06 1.27935e+06 520784 36 24 80 55 35 28 30 44 54 38 15 92 32 22 47 11 9 70 43 96 20 31 66 18 75 61 46 82 91 83 98 65 49 60 81 48 84 76 53 17 21 74 40 59 37 90 67 41 68 79 86 71 94 93 95 8 39 4 3 16 88 57 33 45 1 77 14 25 72 62 64 89 52 7 69 87 99 73 97 58 51 50 29 63 23 26 56 78 6 85 0 13 27 34 19 12 10 42 5 2
1.37097e+06 1.28067e+06 518016 36 24 80 55 35 28 30 44 54 38 15 92 32 22 47 11 9 70 43 96 20 31 66 18 75 61 60 82 91 83 98 65 46 49 81 48 84 76 53 17 21 74 40 59 37 90 67 41 68 79 86 71 94 93 95 8 39 23 3 16 88 57 33 85 1 77 14 25 72 62 64 89 52 7 69 87 99 73 97 58 51 50 29 63 4 26 56 78 6 45 0 13 27 34 19 12 10 42 5 2
1.36488e+06 1.28067e+06 518016 36 24 80 55 35 28 30 44 54 38 15 92 32 22 47 11 9 70 43 96 20 31 66 18 75 61 60 82 91 83 98 65 46 49 81 48 84 76 53 17 21 74 40 59 37 90 67 41 68 79 86 71 94 93 95 8 39 23 3 16 88 57 33 85 1 77 14 25 72 62 64 89 52 7 69 87 99 73 97 58 51 50 29 63 4 26 56 78 6 45 0 13 27 34 19 12 10 42 5 2
1.35273e+06 1.28377e+06 512530 36 24 80 55 35 28 30 44 54 38 15 92 32 22 47 11 9 70 43 96 20 31 66 18 75 61 60 82 91 83 98 65 46 39 81 48 84 76 53 17 21 74 40 59 37 90 67 41 68 79 86 71 94 93 95 8 49 77 3 16 88 57 33 85 1 23 14 25 72 62 64 89 52 7 69 87 99 73 97 58 51 50 29 63 4 26 56 78 6 45 0 13 27 34 19 12 10 42 5 2
1.34294e+06 1.28462e+06 511182 36 24 80 55 35 28 30 3 54 38 15 92 32 22 47 11 9 70 43 96 20 31 66 18 75 61 60 82 91 83 98 65 46 39 81 48 84 76 53 17 21 74 40 59 37 90 67 41 68 79 86 71 94 93 95 8 49 77 44 16 88 57 33 85 1 23 14 25 72 62 64 89 52 7 69 87 99 73 97 58 51 50 29 63 4 26 56 78 6 45 0 13 27 34 19 12 10 42 5 2
1.35144e+06 1.28669e+06 505816 36 24 80 55 35 28 69 3 54 38 15 92 32 22 47 11 9 70 43 96 20 31 66 18 75 61 60 82 91 83 98 65 46 39 81 48 84 76 53 17 21 74 40 59 37 90 67 41 68 79 86 71 94 93 95 8 49 77 44 16 88 57 33 85 1 23 14 25 72 62 64 89 52 7 30 87 99 73 97 58 51 50 29 63 4 26 56 78 6 45 0 13 27 34 19 12 10 42 5 2
1.37739e+06 1.27877e+06 521586 36 24 80 55 35 28 30 44 18 38 15 92 32 22 47 11 9 70 43 96 20 31 66 54 75 61 46 82 91 83 98 65 49 60 81 48 84 76 8 17 21 74 40 59 37 90 67 41 68 79 86 71 94 93 95 53 39 4 3 16 88 57 33 45 1 77 14 25 72 58 64 89 52 7 69 87 99 73 97 62 51 50 29 63 23 26 56 78 6 85 0 13 27 34 19 12 10 42 5 2
1.34151e+06 1.28669e+06 505816 36 24 80 55 35 28 69 3 54 38 15 92 32 22 47 11 9 70 43 96 20 31 66 18 75 61 60 82 91 83 98 65 46 39 81 48 84 76 53 17 21 74 40 59 37 90 67 41 68 79 86 71 94 93 95 8 49 77 44 16 88 57 33 85 1 23 14 25 72 62 64 89 52 7 30 87 99 73 97 58 51 50 29 63 4 26 56 78 6 45 0 13 27 34 19 12 10 42 5 2
1.19788e+06 1.31524e+06 445358 59 24 19 93 17 26 4 44 45 42 38 6 32 73 72 74 86 70 71 5 98 53 20 85 54 43 92 65 7 40 78 88 80 96 81 15 9 25 63 83 67 57 27 21 31 90 46 41 56 79 1 60 18 91 69 23 51 84 3 39 16 76 47 68 62 35 34 95 55 77 10 94 64 13 33 87 2 82 8 75 22 50 29 61 14 28 89 30 66 36 0 58 48 97 49 12 52 37 11 99
1.07158e+06 1.31646e+06 444270 59 24 19 93 17 26 4 44 45 42 38 6 32 73 72 74 86 70 71 5 98 53 20 85 54 43 92 65 95 40 78 88 80 96 81 15 9 25 63 83 67 57 27 21 31 90 46 41 56 79 1 60 18 91 69 23 51 84 3 39 16 76 47 68 62 35 34 7 55 77 10 94 64 13 33 87 2 82 8 75 22 50 29 61 14 28 89 30 66 36 0 58 48 97 49 12 52 37 11 99
1.19788e+06 1.31524e+06 445358 59 24 19 93 17 26 4 44 45 42 38 6 32 73 72 74 86 70 71 5 98 53 20 85 54 43 92 65 7 40 78 88 80 96 81 15 9 25 63 83 67 57 27 21 31 90 46 41 56 79 1 60 18 91 69 23 51 84 3 39 16 76 47 68 62 35 34 95 55 77 10 94 64 13 33 87 2 82 8 75 22 50 29 61 14 28 89 30 66 36 0 58 48 97 49 12 52 37 11 99
1.25882e+06 1.31534e+06 444678 59 24 19 93 17 26 4 44 45 42 38 6 32 73 72 74 86 70 71 5 98 53 20 85 54 43 92 65 7 40 78 88 23 96 81 15 9 25 63 83 67 57 27 21 31 90 46 41 56 79 1 60 18 91 69 80 51 84 3 39 16 76 47 68 62 35 34 95 55 77 10 94 64 13 33 87 2 82 8 75 22 50 29 61 14 28 89 30 66 36 0 58 48 97 49 12 52 37 11 99
1.18613e+06 1.31534e+06 444678 59 24 19 93 17 26 4 44 45 42 38 6 32 73 72 74 86 70 71 5 98 53 20 85 54 43 92 65 7 40 78 88 23 96 81 15 9 25 63 83 67 57 27 21 31 90 46 41 56 79 1 60 18 91 69 80 51 84 3 39 16 76 47 68 62 35 34 95 55 77 10 94 64 13 33 87 2 82 8 75 22 50 29 61 14 28 89 30 66 36 0 58 48 97 49 12 52 37 11 99
1.35045e+06 1.31152e+06 447648 59 24 19 93 17 26 4 44 45 42 38 6 32 73 72 74 86 70 71 5 98 53 20 85 54 43 92 65 7 95 78 88 23 96 81 15 9 25 63 83 67 57 27 21 31 90 46 41 56 79 1 60 18 91 69 51 80 84 3 39 16 76 47 68 62 35 34 40 55 77 10 94 64 13 33 87 2 82 8 75 22 50 29 61 14 28 89 30 66 36 0 58 48 97 49 12 52 37 11 99
1.28433e+06 1.31152e+06 447648 59 24 19 93 17 26 4 44 45 42 38 6 32 73 72 74 86 70 71 5 98 53 20 85 54 43 92 65 7 95 78 88 23 96 81 15 9 25 63 83 67 57 27 21 31 90 46 41 56 79 1 60 18 91 69 51 80 84 3 39 16 76 47 68 62 35 34 40 55 77 10 94 64 13 33 87 2 82 8 75 22 50 29 61 14 28 89 30 66 36 0 58 48 97 49 12 52 37 11 99
1.328e+06 1.31152e+06 447648 59 24 19 93 17 26 4 44 45 42 38 6 32 73 72 74 86 70 71 5 98 53 20 85 54 43 92 65 7 95 78 88 23 96 81 15 9 25 63 83 67 57 27 21 31 90 46 41 56 79 1 60 18 91 69 51 80 84 3 39 16 76 47 68 62 35 34 40 55 77 10 94 64 13 33 87 2 82 8 75 22 50 29 61 14 28 89 30 66 36 0 58 48 97 49 12 52 37 11 99
1.21872e+06 1.31152e+06 447648 59 24 19 93 17 26 4 44 45 42 38 6 32 73 72 74 86 70 71 5 98 53 20 85 54 43 92 65 7 95 78 88 23 96 81 15 9 25 63 83 67 57 27 21 31 90 46 41 56 79 1 60 18 91 69 51 80 84 3 39 16 76 47 68 62 35 34 40 55 77 10 94 64 13 33 87 2 82 8 75 22 50 29 61 14 28 89 30 66 36 0 58 48 97 49 12 52 37 11 99
1.35902e+06 1.30758e+06 453242 59 24 19 93 17 26 4 44 45 42 38 6 32 73 72 74 86 70 71 5 98 53 20 85 54 43 92 65 7 95 78 88 29 96 47 15 9 25 63 83 67 57 27 21 31 90 46 41 56 79 1 60 18 91 69 51 80 84 3 39 16 76 81 68 62 35 34 40 55 77 10 94 64 13 33 87 2 82 8 75 22 50 23 61 14 28 89 30 66 36 0 58 48 97 49 12 52 37 11 99
1.08523e+06 1.31431e+06 445358 59 24 19 93 17 26 4 44 45 42 38 6 32 73 72 74 86 70 71 5 98 53 20 85 54 43 92 65 7 40 78 88 23 96 81 15 9 25 63 83 67 57 27 21 31 90 46 41 56 79 1 60 18 91 69 22 51 84 3 39 16 76 47 68 62 35 34 95 55 77 10 94 64 13 33 87 2 82 48 75 80 50 29 61 14 28 89 30 66 36 0 58 8 97 49 12 52 37 11 99
1.31462e+06 1.24066e+06 663092 65 22 73 28 87 10 74 30 8 78 93 51 69 24 91 38 27 92 86 53 97 58 59 3 57 64 71 72 94 95 14 21 83 5 31 16 55 36 75 56 19 1 40 44 79 85 54 15 63 50 39 88 4 34 12 45 42 62 90 61 29 9 47 33 60 77 76 80 11 89 98 20 41 7 2 82 67 25 81 46 52 66 84 48 18 26 37 23 68 49 43 0 96 70 32 6 99 13 17 35
1.34948e+06 1.30766e+06 452054 59 24 19 93 17 26 4 44 45 42 38 6 32 73 72 74 86 70 71 5 98 53 20 85 54 43 92 65 7 95 78 88 29 96 47 15 9 25 63 83 67 57 27 21 31 90 46 41 56 79 1 60 18 91 69 51 80 84 3 39 16 76 81 68 62 35 34 40 55 77 10 94 64 13 33 87 2 82 8 75 23 50 22 61 14 28 89 30 66 36 0 58 48 97 49 12 52 37 11 99
1.31435e+06 1.30766e+06 452054 59 24 19 93 17 26 4 44 45 42 38 6 32 73 72 74 86 70 71 5 98 53 20 85 54 43 92 65 7 95 78 88 29 96 47 15 9 25 63 83 67 57 27 21 31 90 46 41 56 79 1 60 18 91 69 51 80 84 3 39 16 76 81 68 62 35 34 40 55 77 10 94 64 13 33 87 2 82 8 75 23 50 22 61 14 28 89 30 66 36 0 58 48 97 49 12 52 37 11 99
1.34438e+06 1.30628e+06 454042 59 24 19 93 17 26 4 44 45 42 38 6 32 73 72 74 86 70 71 5 98 53 20 85 54 43 92 65 7 95 78 88 29 96 47 15 9 25 63 83 67 57 23 21 31 90 46 41 56 79 1 60 18 91 69 51 80 84 3 39 16 76 81 68 62 35 34 40 55 77 10 94 64 13 33 87 2 82 8 75 27 50 22 61 14 28 89 30 66 36 0 58 48 97 49 12 52 37 11 99
1.04284e+06 1.31431e+06 445358 59 24 19 93 17 26 4 44 45 42 38 6 32 73 72 74 86 70 71 5 98 53 20 85 54 43 92 65 7 40 78 88 23 96 81 15 9 25 63 83 67 57 27 21 31 90 46 41 56 79 1 60 18 91 69 22 51 84 3 39 16 76 47 68 62 35 34 95 55 77 10 94 64 13 33 87 2 82 48 75 80 50 29 61 14 28 89 30 66 36 0 58 8 97 49 12 52 37 11 99
1.33907e+06 1.30628e+06 454042 59 24 19 93 17 26 4 44 45 42 38 6 32 73 72 74 86 70 71 5 98 53 20 85 54 43 92 65 7 95 78 88 29 96 47 15 9 25 63 83 67 57 23 21 31 90 46 41 56 79 1 60 18 91 69 51 80 84 3 39 16 76 81 68 62 35 34 40 55 77 10 94 64 13 33 87 2 82 8 75 27 50 22 61 14 28 89 30 66 36 0 58 48 97 49 12 52 37 11 99
1.11212e+06 1.31431e+06 445358 59 24 19 93 17 26 4 44 45 42 38 6 32 73 72 74 86 70 71 5 98 53 20 85 54 43 92 65 7 40 78 88 23 96 81 15 9 25 63 83 67 57 27 21 31 90 46 41 56 79 1 60 18 91 69 22 51 84 3 39 16 76 47 68 62 35 34 95 55 77 10 94 64 13 33 87 2 82 48 75 80 50 29 61 14 28 89 30 66 36 0 58 8 97 49 12 52 37 11 99
1.08523e+06 1.31431e+06 445358 59 24 19 93 17 26 4 44 45 42 38 6 32 73 72 74 86 70 71 5 98 53 20 85 54 43 92 65 7 40 78 88 23 96 81 15 9 25 63 83 67 57 27 21 31 90 46 41 56 79 1 60 18 91 69 22 51 84 3 39 16 76 47 68 62 35 34 95 55 77 10 94 64 13 33 87 2 82 48 75 80 50 29 61 14 28 89 30 66 36 0 58 8 97 49 12 52 37 11 99
1.14998e+06 1.3128e+06 446032 59 24 19 93 17 26 4 44 45 42 38 6 32 73 72 74 86 70 71 5 98 53 20 85 54 43 92 65 7 40 78 88 23 96 81 15 9 25 63 83 67 57 27 21 31 90 46 41 56 79 1 60 18 91 69 22 51 84 3 39 16 76 47 68 62 35 34 95 55 77 10 94 64 13 33 87 2 82 8 75 80 50 29 61 14 28 89 30 66 36 0 58 48 97 49 12 52 37 11 99
1.32787e+06 1.25565e+06 556944 64 0 42 94 80 34 30 56 41 24 48 92 32 28 47 11 9 63 43 1 20 31 89 22 75 2 46 82 91 83 98 65 60 96 81 15 66 76 74 17 21 86 40 59 37 44 67 73 68 79 53 84 49 93 95 38 39 23 3 16 88 57 33 45 8 62 14 55 72 77 36 70 52 7 69 87 99 13 97 58 51 50 25 54 4 26 29 78 6 85 18 90 27 71 12 35 10 19 5 61
1.37086e+06 1.25739e+06 549962 64 0 42 94 80 34 30 56 41 24 48 92 32 28 47 11 9 63 43 96 20 31 89 22 75 2 46 82 91 83 98 65 60 8 81 15 66 76 74 17 21 86 40 59 37 44 67 73 68 79 53 84 49 93 95 38 39 23 3 16 88 57 33 45 1 62 14 55 72 77 36 70 52 7 69 87 99 13 97 58 51 50 25 54 4 26 29 78 6 85 18 90 27 71 12 35 10 19 5 61
1.29124e+06 1.30985e+06 447796 59 24 19 93 17 26 4 44 45 42 38 6 32 73 72 74 86 70 71 5 98 53 20 85 54 43 92 65 7 23 78 88 29 96 47 15 9 25 63 83 67 57 27 21 31 90 46 41 56 79 1 60 18 91 69 51 80 84 3 39 16 76 81 68 62 35 34 40 55 77 10 94 64 13 33 87 2 82 8 75 95 50 22 61 14 28 89 30 66 36 0 58 48 97 49 12 52 37 11 99
962105 1.32199e+06 436270 59 24 19 93 17 26 76 44 45 46 38 6 32 73 72 74 69 70 71 42 98 53 20 85 54 67 92 65 95 40 78 88 82 43 81 15 9 49 63 80 83 27 5 21 31 90 57 41 56 79 89 4 18 91 8 23 51 84 3 39 16 64 1 68 62 35 34 7 55 77 10 47 33 13 36 87 2 25 97 75 22 96 29 61 14 28 94 30 66 50 0 58 48 86 60 12 52 37 11 99
1.0677e+06 1.32199e+06 436270 59 24 19 93 17 26 76 44 45 46 38 6 32 73 72 74 69 70 71 42 98 53 20 85 54 67 92 65 95 40 78 88 82 43 81 15 9 49 63 80 83 27 5 21 31 90 57 41 56 79 89 4 18 91 8 23 51 84 3 39 16 64 1 68 62 35 34 7 55 77 10 47 33 13 36 87 2 25 97 75 22 96 29 61 14 28 94 30 66 50 0 58 48 86 60 12 52 37 11 99
1.15932e+06 1.31937e+06 437296 59 24 19 93 17 26 76 44 45 46 38 6 32 73 72 74 69 70 71 42 98 53 20 85 54 67 92 65 95 40 78 88 82 43 81 15 9 49 63 80 83 27 5 21 31 90 57 41 56 79 89 4 18 91 62 23 51 84 3 39 16 64 1 68 8 35 34 7 55 77 10 47 33 13 36 87 2 25 97 75 22 50 29 61 14 28 94 30 66 96 0 58 48 86 60 12 52 37 11 99
1.14701e+06 1.31937e+06 437296 59 24 19 93 17 26 76 44 45 46 38 6 32 73 72 74 69 70 71 42 98 53 20 85 54 67 92 65 95 40 78 88 82 43 81 15 9 49 63 80 83 27 5 21 31 90 57 41 56 79 89 4 18 91 62 23 51 84 3 39 16 64 1 68 8 35 34 7 55 77 10 47 33 13 36 87 2 25 97 75 22 50 29 61 14 28 94 30 66 96 0 58 48 86 60 12 52 37 11 99
1.33819e+06 1.25468e+06 561068 64 0 42 94 80 34 30 56 41 24 48 92 32 28 47 11 9 63 43 1 20 31 89 22 75 2 46 82 91 83 98 65 60 96 81 15 66 76 74 17 21 86 40 59 37 44 67 73 68 79 53 84 49 93 95 38 39 23 3 16 88 57 33 45 8 62 14 55 13 77 36 70 52 7 69 87 99 72 97 58 51 50 25 54 4 26 29 78 6 85 18 90 27 71 12 35 10 19 5 61
716800 1.32199e+06 436270 59 24 19 93 17 26 76 44 45 46 38 6 32 73 72 74 69 70 71 42 98 53 20 85 54 67 92 65 95 40 78 88 82 43 81 15 9 49 63 80 83 27 5 21 31 90 57 41 56 79 89 4 18 91 8 23 51 84 3 39 16 64 1 68 62 35 34 7 55 77 10 47 33 13 36 87 2 25 97 75 22 96 29 61 14 28 94 30 66 50 0 58 48 86 60 12 52 37 11 99
896010 1.32321e+06 435412 59 24 19 93 17 26 76 44 45 46 38 6 32 73 72 74 69 70 71 42 98 53 20 85 54 83 92 65 95 40 78 88 82 43 81 15 9 49 63 80 67 27 5 21 31 90 57 41 56 79 89 4 18 91 8 23 51 84 3 39 16 64 1 68 62 35 34 7 55 77 10 47 33 13 36 87 2 25 97 75 22 96 29 61 14 28 94 30 66 50 0 58 48 86 60 12 52 37 11 99
639667 1.32199e+06 436270 59 24 19 93 17 26 76 44 45 46 38 6 32 73 72 74 69 70 71 42 98 53 20 85 54 67 92 65 95 40 78 88 82 43 81 15 9 49 63 80 83 27 5 21 31 90 57 41 56 79 89 4 18 91 8 23 51 84 3 39 16 64 1 68 62 35 34 7 55 77 10 47 33 13 36 87 2 25 97 75 22 96 29 61 14 28 94 30 66 50 0 58 48 86 60 12 52 37 11 99
659204 1.32199e+06 436270 59 24 19 93 17 26 76 44 45 46 38 6 32 73 72 74 69 70 71 42 98 53 20 85 54 67 92 65 95 40 78 88 82 43 81 15 9 49 63 80 83 27 5 21 31 90 57 41 56 79 89 4 18 91 8 23 51 84 3 39 16 64 1 68 62 35 34 7 55 77 10 47 33 13 36 87 2 25 97 75 22 96 29 61 14 28 94 30 66 50 0 58 48 86 60 12 52 37 11 99
1.32723e+06 1.25387e+06 563990 64 0 42 94 63 34 30 56 41 24 48 92 32 28 47 11 9 80 43 1 20 31 89 22 75 2 46 82 91 83 98 65 60 96 81 15 66 76 74 17 21 86 40 59 37 44 67 73 68 79 53 84 49 93 95 38 39 23 3 16 88 57 33 45 8 62 14 55 13 77 36 70 52 7 69 87 99 72 97 58 51 50 25 54 4 26 29 78 6 85 18 90 27 71 12 35 10 19 5 61
1.29899e+06 1.30985e+06 447796 59 24 19 93 17 26 4 44 45 42 38 6 32 73 72 74 86 70 71 5 98 53 20 85 54 43 92 65 7 23 78 88 29 96 47 15 9 25 63 83 67 57 27 21 31 90 46 41 56 79 1 60 18 91 69 51 80 84 3 39 16 76 81 68 62 35 34 40 55 77 10 94 64 13 33 87 2 82 8 75 95 50 22 61 14 28 89 30 66 36 0 58 48 97 49 12 52 37 11 99
1.33257e+06 1.25367e+06 564030 64 0 42 94 63 34 30 56 41 24 48 92 32 28 47 11 9 80 43 97 20 31 89 22 75 2 46 82 91 83 98 65 60 96 81 15 66 76 74 17 21 86 40 59 37 44 67 73 68 79 53 84 49 93 95 38 39 23 3 16 88 57 33 45 8 62 14 55 13 77 36 70 52 7 69 87 99 72 1 58 51 50 25 54 4 26 29 78 6 85 18 90 27 71 12 35 10 19 5 61
912820 1.32321e+06 435412 59 24 19 93 17 26 76 44 45 46 38 6 32 73 72 74 69 70 71 42 98 53 20 85 54 83 92 65 95 40 78 88 82 43 81 15 9 49 63 80 67 27 5 21 31 90 57 41 56 79 89 4 18 91 8 23 51 84 3 39 16 64 1 68 62 35 34 7 55 77 10 47 33 13 36 87 2 25 97 75 22 96 29 61 14 28 94 30 66 50 0 58 48 86 60 12 52 37 11 99
1.33831e+06 1.30842e+06 449450 59 24 19 93 17 26 4 44 45 42 38 6 32 73 72 74 86 70 71 5 98 53 20 85 54 43 92 65 7 23 78 88 29 96 47 15 9 25 63 83 67 57 27 21 31 90 46 41 56 79 1 60 18 91 69 51 80 84 3 39 16 76 81 68 62 35 34 40 55 77 10 94 64 13 36 87 2 82 8 75 95 50 22 61 14 28 89 30 66 33 0 58 48 97 49 12 52 37 11 99
1.20562e+06 1.31937e+06 437296 59 24 19 93 17 26 76 44 45 46 38 6 32 73 72 74 69 70 71 42 98 53 20 85 54 67 92 65 95 40 78 88 82 43 81 15 9 49 63 80 83 27 5 21 31 90 57 41 56 79 89 4 18 91 62 23 51 84 3 39 16 64 1 68 8 35 34 7 55 77 10 47 33 13 36 87 2 25 97 75 22 50 29 61 14 28 94 30 66 96 0 58 48 86 60 12 52 37 11 99
1.37076e+06 1.26188e+06 535432 64 45 42 94 80 34 30 56 41 24 48 92 32 28 47 11 9 49 43 96 20 31 89 15 75 2 46 82 91 83 98 65 60 8 81 22 66 76 74 17 21 86 40 59 37 44 67 73 68 79 53 84 63 93 95 38 39 23 3 16 88 57 33 0 1 62 14 55 72 77 36 70 52 7 69 87 99 13 97 58 51 50 25 54 4 26 29 78 6 85 18 90 27 71 12 35 10 19 5 61
1.36942e+06 1.26202e+06 534938 64 0 42 94 80 34 30 56 41 24 48 92 32 28 47 11 9 49 43 96 20 31 63 15 75 2 46 82 91 83 98 65 60 8 81 22 66 76 74 17 21 86 40 59 37 44 67 73 68 79 53 84 89 93 95 38 39 23 3 16 88 57 33 45 1 62 14 55 10 77 36 70 52 7 69 87 99 13 97 58 51 50 25 54 4 26 29 78 6 85 18 90 27 71 12 35 72 19 5 61
1.31275e+06 1.23567e+06 687432 65 22 73 28 87 10 74 30 8 78 93 51 69 24 41 38 27 31 86 26 97 33 59 3 57 64 71 72 94 95 14 21 83 5 92 16 55 36 75 56 19 1 40 44 88 85 54 15 63 50 39 79 4 34 12 45 42 62 90 61 29 9 47 98 60 77 76 80 11 52 89 20 91 35 2 82 49 25 81 46 0 66 84 48 18 53 37 23 68 58 43 67 96 70 32 6 99 13 17 7
1.36642e+06 1.26069e+06 536570 64 0 42 94 80 34 30 56 41 24 48 92 32 28 47 11 9 49 43 96 20 31 63 15 75 2 46 82 91 83 98 65 60 8 81 89 66 76 74 17 21 86 40 59 37 44 67 73 68 79 53 84 22 93 95 38 39 23 3 16 88 57 33 45 1 62 14 55 10 77 36 70 52 7 69 87 99 13 97 58 51 50 25 54 4 26 29 78 6 85 18 90 27 71 12 35 72 19 5 61
1.35131e+06 1.25367e+06 564030 64 0 42 94 63 34 30 56 41 24 48 92 32 28 47 11 9 80 43 97 20 31 89 22 75 2 46 82 91 83 98 65 60 96 81 15 66 76 74 17 21 86 40 59 37 44 67 73 68 79 53 84 49 93 95 38 39 23 3 16 88 57 33 45 8 62 14 55 13 77 36 70 52 7 69 87 99 72 1 58 51 50 25 54 4 26 29 78 6 85 18 90 27 71 12 35 10 19 5 61
1.36917e+06 1.26069e+06 536570 64 0 42 94 80 34 30 56 41 24 48 92 32 28 47 11 9 49 43 96 20 31 63 15 75 2 46 82 91 83 98 65 60 8 81 89 66 76 74 17 21 86 40 59 37 44 67 73 68 79 53 84 22 93 95 38 39 23 3 16 88 57 33 45 1 62 14 55 10 77 36 70 52 7 69 87 99 13 97 58 51 50 25 54 4 26 29 78 6 85 18 90 27 71 12 35 72 19 5 61
1.36818e+06 1.26069e+06 536570 64 0 42 94 80 34 30 56 41 24 48 92 32 28 47 11 9 49 43 96 20 31 63 15 75 2 46 82 91 83 98 65 60 8 81 89 66 76 74 17 21 86 40 59 37 44 67 73 68 79 53 84 22 93 95 38 39 23 3 16 88 57 33 45 1 62 14 55 10 77 36 70 52 7 69 87 99 13 97 58 51 50 25 54 4 26 29 78 6 85 18 90 27 71 12 35 72 19 5 61
1.31223e+06 1.23662e+06 675852 65 22 73 28 87 10 74 30 8 78 93 51 69 24 41 38 27 31 86 26 97 33 59 3 57 64 71 72 94 95 14 21 83 5 88 16 55 36 75 56 19 1 40 44 92 85 54 15 63 50 39 79 4 34 12 45 42 62 90 61 29 9 47 98 60 77 76 80 11 52 89 20 91 35 2 82 49 25 81 46 0 66 84 48 18 53 37 23 68 58 43 67 96 70 32 6 99 13 17 7
1.36925e+06 1.25878e+06 538934 64 0 42 94 80 34 30 56 41 24 48 92 32 28 47 11 9 49 43 96 20 31 63 15 75 2 46 82 91 83 98 65 60 8 81 89 66 76 74 17 21 86 40 59 37 44 67 73 68 79 53 84 22 93 95 38 39 23 3 16 88 57 33 45 1 62 14 55 72 77 36 70 52 7 69 87 99 13 97 58 51 50 25 54 4 26 29 78 6 85 18 90 27 71 12 35 10 19 5 61
1.36822e+06 1.25878e+06 538934 64 0 42 94 80 34 30 56 41 24 48 92 32 28 47 11 9 49 43 96 20 31 63 15 75 2 46 82 91 83 98 65 60 8 81 89 66 76 74 17 21 86 40 59 37 44 67 73 68 79 53 84 22 93 95 38 39 23 3 16 88 57 33 45 1 62 14 55 72 77 36 70 52 7 69 87 99 13 97 58 51 50 25 54 4 26 29 78 6 85 18 90 27 71 12 35 10 19 5 61
1.36891e+06 1.25878e+06 538934 64 0 42 94 80 34 30 56 41 24 48 92 32 28 47 11 9 49 43 96 20 31 63 15 75 2 46 82 91 83 98 65 60 8 81 89 66 76 74 17 21 86 40 59 37 44 67 73 68 79 53 84 22 93 95 38 39 23 3 16 88 57 33 45 1 62 14 55 72 77 36 70 52 7 69 87 99 13 97 58 51 50 25 54 4 26 29 78 6 85 18 90 27 71 12 35 10 19 5 61
1.36203e+06 1.25878e+06 538934 64 0 42 94 80 34 30 56 41 24 48 92 32 28 47 11 9 49 43 96 20 31 63 15 75 2 46 82 91 83 98 65 60 8 81 89 66 76 74 17 21 86 40 59 37 44 67 73 68 79 53 84 22 93 95 38 39 23 3 16 88 57 33 45 1 62 14 55 72 77 36 70 52 7 69 87 99 13 97 58 51 50 25 54 4 26 29 78 6 85 18 90 27 71 12 35 10 19 5 61
1.25631e+06 1.235e+06 691176 65 22 73 28 87 10 74 30 8 78 93 51 69 24 41 38 27 31 86 26 97 6 59 3 57 64 71 72 94 95 14 21 83 5 92 16 55 88 75 56 19 1 40 44 36 85 54 15 63 50 39 79 4 34 12 45 42 62 90 61 29 9 47 33 60 77 76 80 11 52 89 20 91 35 2 82 49 25 81 46 0 66 84 48 18 53 37 23 68 58 43 67 96 70 32 98 99 13 17 7
1.36637e+06 1.26339e+06 527810 64 0 42 94 80 34 30 56 41 24 48 92 32 28 47 11 9 49 43 96 20 31 63 15 75 2 60 82 91 83 98 65 46 8 81 38 66 76 74 17 21 86 40 59 37 44 67 73 68 79 53 84 22 93 95 89 39 23 3 16 88 57 33 45 1 62 14 55 10 77 36 70 52 7 69 87 99 13 97 58 51 50 25 54 4 26 29 78 6 85 18 90 27 71 12 35 72 19 5 61
1.27635e+06 1.235e+06 691176 65 22 73 28 87 10 74 30 8 78 93 51 69 24 41 38 27 31 86 26 97 6 59 3 57 64 71 72 94 95 14 21 83 5 92 16 55 88 75 56 19 1 40 44 36 85 54 15 63 50 39 79 4 34 12 45 42 62 90 61 29 9 47 33 60 77 76 80 11 52 89 20 91 35 2 82 49 25 81 46 0 66 84 48 18 53 37 23 68 58 43 67 96 70 32 98 99 13 17 7
1.36704e+06 1.26356e+06 526154 64 0 42 94 80 34 30 56 41 24 48 92 32 28 47 11 9 49 43 96 20 31 63 15 75 2 60 82 91 83 98 37 46 8 81 38 66 76 74 17 21 86 40 59 65 44 67 73 68 79 53 84 22 93 95 89 39 23 3 16 88 57 33 45 1 62 14 55 10 77 36 70 52 7 69 87 99 13 97 58 51 50 25 54 4 26 29 78 6 85 18 90 27 71 12 35 72 19 5 61
1.34655e+06 1.25853e+06 539916 64 0 42 94 80 34 30 56 41 24 48 92 32 28 47 11 9 49 43 96 20 31 63 15 75 2 46 82 91 83 98 65 60 8 81 89 66 76 74 17 21 86 40 59 3 37 67 73 68 79 53 84 22 93 95 38 39 23 44 16 88 57 33 45 1 62 14 55 72 77 36 70 52 7 69 87 99 13 97 58 51 50 25 54 4 26 29 78 6 85 18 90 27 71 12 35 10 19 5 61
1.35033e+06 1.25757e+06 543834 64 4 42 94 80 34 30 56 41 24 48 92 32 28 47 11 9 49 43 96 20 31 63 15 75 2 46 82 91 83 98 65 60 8 81 89 66 76 74 17 21 86 40 59 3 37 67 73 68 79 53 84 22 93 95 38 39 23 44 16 88 57 33 45 1 62 14 55 72 77 36 70 52 7 69 87 99 13 97 58 51 50 25 54 0 26 29 78 6 85 18 90 27 71 12 35 10 19 5 61
1.28269e+06 1.30919e+06 447836 59 24 19 75 17 26 4 44 45 42 38 6 32 73 72 74 86 70 71 5 98 53 20 85 54 43 92 65 7 23 78 88 29 96 93 15 9 25 63 83 67 57 27 21 31 90 46 41 56 79 1 60 18 91 69 51 80 84 3 39 16 76 81 68 62 35 34 40 55 77 10 94 64 13 33 87 2 82 8 47 95 50 22 61 14 28 89 30 66 36 0 58 48 97 49 12 52 37 11 99
1.06719e+06 1.31937e+06 437296 59 24 19 93 17 26 76 44 45 46 38 6 32 73 72 74 69 70 71 42 98 53 20 85 54 67 92 65 95 40 78 88 82 43 81 15 9 49 63 80 83 27 5 21 31 90 57 41 56 79 89 4 18 91 62 23 51 84 3 39 16 64 1 68 8 35 34 7 55 77 10 47 33 13 36 87 2 25 97 75 22 50 29 61 14 28 94 30 66 96 0 58 48 86 60 12 52 37 11 99
1.36851e+06 1.26356e+06 526154 64 0 42 94 80 34 30 56 41 24 48 92 32 28 47 11 9 49 43 96 20 31 63 15 75 2 60 82 91 83 98 37 46 8 81 38 66 76 74 17 21 86 40 59 65 44 67 73 68 79 53 84 22 93 95 89 39 23 3 16 88 57 33 45 1 62 14 55 10 77 36 70 52 7 69 87 99 13 97 58 51 50 25 54 4 26 29 78 6 85 18 90 27 71 12 35 72 19 5 61
1.36818e+06 1.26477e+06 522570 64 0 42 94 80 34 30 56 41 24 48 92 32 28 47 11 51 49 43 96 20 31 63 15 75 2 60 82 91 83 98 37 46 8 81 38 66 76 74 17 21 86 40 59 65 44 67 73 68 79 53 84 22 93 95 89 39 23 3 16 88 57 33 45 1 62 14 55 10 77 36 70 52 7 69 87 99 13 97 58 9 50 25 54 4 26 29 78 6 85 18 90 27 71 12 35 72 19 5 61
1.35472e+06 1.29888e+06 459724 59 24 19 93 17 26 4 44 45 42 38 6 32 84 72 33 39 70 71 5 98 53 20 85 54 43 92 65 7 23 78 88 29 95 47 15 9 25 63 83 67 57 96 21 31 90 46 41 56 79 1 60 18 91 69 51 80 73 3 37 16 76 81 68 62 35 34 40 55 77 10 94 64 13 74 87 2 82 8 75 27 50 22 61 14 28 89 30 66 36 0 58 48 97 49 12 52 86 11 99
841602 1.32694e+06 431326 59 24 19 93 17 26 76 44 45 46 38 6 32 73 72 74 69 70 71 42 98 53 20 85 54 83 92 65 95 40 78 88 82 43 81 15 9 49 63 80 67 27 5 21 31 90 57 41 56 79 89 4 18 91 55 23 51 84 3 39 16 64 1 68 62 35 34 7 13 77 10 47 36 8 33 87 2 25 97 75 22 50 29 61 14 28 94 30 66 96 0 58 48 86 60 12 52 37 11 99
859153 1.32694e+06 431326 59 24 19 93 17 26 76 44 45 46 38 6 32 73 72 74 69 70 71 42 98 53 20 85 54 83 92 65 95 40 78 88 82 43 81 15 9 49 63 80 67 27 5 21 31 90 57 41 56 79 89 4 18 91 55 23 51 84 3 39 16 64 1 68 62 35 34 7 13 77 10 47 36 8 33 87 2 25 97 75 22 50 29 61 14 28 94 30 66 96 0 58 48 86 60 12 52 37 11 99
1.31201e+06 1.29888e+06 459724 59 24 19 93 17 26 4 44 45 42 38 6 32 84 72 33 39 70 71 5 98 53 20 85 54 43 92 65 7 23 78 88 29 95 47 15 9 25 63 83 67 57 96 21 31 90 46 41 56 79 1 60 18 91 69 51 80 73 3 37 16 76 81 68 62 35 34 40 55 77 10 94 64 13 74 87 2 82 8 75 27 50 22 61 14 28 89 30 66 36 0 58 48 97 49 12 52 86 11 99
927151 1.32694e+06 431326 59 24 19 93 17 26 76 44 45 46 38 6 32 73 72 74 69 70 71 42 98 53 20 85 54 83 92 65 95 40 78 88 82 43 81 15 9 49 63 80 67 27 5 21 31 90 57 41 56 79 89 4 18 91 55 23 51 84 3 39 16 64 1 68 62 35 34 7 13 77 10 47 36 8 33 87 2 25 97 75 22 50 29 61 14 28 94 30 66 96 0 58 48 86 60 12 52 37 11 99
473115 1.32829e+06 431188 59 24 19 93 17 26 76 44 45 46 38 6 32 73 72 74 69 70 71 42 98 53 20 85 54 83 92 65 95 40 78 88 82 43 81 15 9 49 63 80 67 27 5 21 31 90 57 41 56 79 89 4 18 91 55 23 51 84 3 39 16 64 1 68 62 35 34 7 13 77 10 47 50 8 33 87 2 25 97 75 22 96 29 61 14 28 94 30 66 36 0 58 48 86 60 12 52 37 11 99
1.35962e+06 1.25878e+06 538934 64 0 42 94 80 34 30 56 41 24 48 92 32 28 47 11 9 49 43 96 20 31 63 15 75 2 46 82 91 83 98 65 60 8 81 89 66 76 74 17 21 86 40 59 37 44 67 73 68 79 53 84 22 93 95 38 39 23 3 16 88 57 33 45 1 62 14 55 72 77 36 70 52 7 69 87 99 13 97 58 51 50 25 54 4 26 29 78 6 85 18 90 27 71 12 35 10 19 5 61
1.3201e+06 1.23639e+06 676664 65 22 73 28 87 10 74 30 8 78 93 51 69 24 41 38 27 31 86 26 97 33 59 3 57 64 71 72 94 95 14 21 83 5 88 16 55 67 75 56 19 1 40 44 92 85 54 15 63 50 39 79 4 34 12 45 42 62 90 61 29 9 47 98 60 77 76 80 11 52 89 20 91 35 2 82 49 25 81 46 0 66 84 48 18 53 37 23 68 58 43 36 96 70 32 6 99 13 17 7
959766 1.32694e+06 431326 59 24 19 93 17 26 76 44 45 46 38 6 32 73 72 74 69 70 71 42 98 53 20 85 54 83 92 65 95 40 78 88 82 43 81 15 9 49 63 80 67 27 5 21 31 90 57 41 56 79 89 4 18 91 55 23 51 84 3 39 16 64 1 68 62 35 34 7 13 77 10 47 36 8 33 87 2 25 97 75 22 50 29 61 14 28 94 30 66 96 0 58 48 86 60 12 52 37 11 99
1.23458e+06 1.23458e+06 698454 65 22 73 28 87 10 74 30 8 78 93 51 69 24 41 38 27 31 86 26 39 6 59 3 57 64 71 72 94 95 14 21 83 5 92 16 55 88 75 56 19 1 40 44 36 85 54 15 63 50 97 79 4 34 12 45 42 62 90 61 29 9 47 33 60 77 82 80 11 52 89 20 91 35 2 76 49 25 81 46 0 66 84 48 18 53 37 23 68 58 43 67 96 70 32 98 99 13 17 7
1.33699e+06 1.25231e+06 567010 64 63 42 18 0 34 30 56 41 24 48 92 32 28 47 11 9 80 43 97 20 31 89 22 75 2 46 82 91 83 98 65 60 96 81 15 66 76 74 17 21 86 40 59 37 44 67 73 68 79 53 84 49 93 95 38 39 23 3 16 88 57 33 45 8 62 14 55 13 77 36 70 52 7 69 87 99 72 1 58 51 50 25 54 4 26 29 78 6 85 94 90 27 71 12 35 10 19 5 61
959766 1.32694e+06 431326 59 24 19 93 17 26 76 44 45 46 38 6 32 73 72 74 69 70 71 42 98 53 20 85 54 83 92 65 95 40 78 88 82 43 81 15 9 49 63 80 67 27 5 21 31 90 57 41 56 79 89 4 18 91 55 23 51 84 3 39 16 64 1 68 62 35 34 7 13 77 10 47 36 8 33 87 2 25 97 75 22 50 29 61 14 28 94 30 66 96 0 58 48 86 60 12 52 37 11 99
893602 1.32694e+06 431326 59 24 19 93 17 26 76 44 45 46 38 6 32 73 72 74 69 70 71 42 98 53 20 85 54 83 92 65 95 40 78 88 82 43 81 15 9 49 63 80 67 27 5 21 31 90 57 41 56 79 89 4 18 91 55 23 51 84 3 39 16 64 1 68 62 35 34 7 13 77 10 47 36 8 33 87 2 25 97 75 22 50 29 61 14 28 94 30 66 96 0 58 48 86 60 12 52 37 11 99
1.00731e+06 1.32553e+06 432584 59 24 19 93 17 26 94 44 45 46 38 6 32 73 72 74 69 70 71 42 98 53 20 85 54 83 92 65 95 40 78 88 82 43 81 15 9 49 63 80 67 27 5 21 31 90 57 41 56 79 89 4 18 91 55 23 51 84 3 39 16 64 1 68 62 35 34 7 13 77 10 47 36 8 33 87 2 25 97 75 22 50 29 61 14 28 76 30 66 96 0 58 48 86 60 12 52 37 11 99
1.28589e+06 1.23517e+06 689042 65 22 73 28 87 10 74 30 8 78 93 51 69 24 41 38 27 31 86 26 97 6 59 3 57 64 71 72 94 95 14 21 83 5 92 16 55 88 75 56 36 1 40 44 19 85 54 15 63 50 39 79 4 34 12 45 42 62 90 61 29 9 47 33 60 77 76 80 11 52 89 20 91 35 2 82 49 25 81 46 0 66 84 48 18 53 37 23 68 58 43 67 96 70 32 98 99 13 17 7
1.31995e+06 1.23704e+06 671026 65 22 73 28 87 10 74 30 8 78 93 51 69 24 72 38 27 31 86 26 97 33 59 3 57 64 71 41 94 95 14 21 83 5 88 16 55 67 75 56 19 1 40 44 92 85 54 15 63 50 39 79 4 34 12 45 42 62 90 61 29 9 47 98 60 77 76 80 11 52 89 20 91 35 2 82 49 25 81 46 0 66 84 48 18 53 37 23 68 58 43 36 96 70 32 6 99 13 17 7
1.36839e+06 1.26477e+06 522570 64 0 42 94 80 34 30 56 41 24 48 92 32 28 47 11 51 49 43 96 20 31 63 15 75 2 60 82 91 83 98 37 46 8 81 38 66 76 74 17 21 86 40 59 65 44 67 73 68 79 53 84 22 93 95 89 39 23 3 16 88 57 33 45 1 62 14 55 10 77 36 70 52 7 69 87 99 13 97 58 9 50 25 54 4 26 29 78 6 85 18 90 27 71 12 35 72 19 5 61
1.02248e+06 1.32553e+06 432584 59 24 19 93 17 26 94 44 45 46 38 6 32 73 72 74 69 70 71 42 98 53 20 85 54 83 92 65 95 40 78 88 82 43 81 15 9 49 63 80 67 27 5 21 31 90 57 41 56 79 89 4 18 91 55 23 51 84 3 39 16 64 1 68 62 35 34 7 13 77 10 47 36 8 33 87 2 25 97 75 22 50 29 61 14 28 76 30 66 96 0 58 48 86 60 12 52 37 11 99
1.36702e+06 1.2594e+06 536744 64 0 42 94 80 4 30 56 41 24 48 92 32 28 47 11 9 49 43 96 20 31 63 15 75 22 46 82 91 83 98 65 60 8 81 89 66 76 74 17 21 86 40 59 37 44 67 73 68 79 53 84 2 93 95 38 39 23 3 16 88 57 33 45 1 62 14 55 72 77 36 70 52 7 69 87 99 13 97 58 51 50 25 54 34 26 29 78 6 85 18 90 27 71 12 35 10 19 5 61
674656 1.32694e+06 431326 59 24 19 93 17 26 76 44 45 46 38 6 32 73 72 74 69 70 71 42 98 53 20 85 54 83 92 65 95 40 78 88 82 43 81 15 9 49 63 80 67 27 5 21 31 90 57 41 56 79 89 4 18 91 55 23 51 84 3 39 16 64 1 68 62 35 34 7 13 77 10 47 36 8 33 87 2 25 97 75 22 50 29 61 14 28 94 30 66 96 0 58 48 86 60 12 52 37 11 99
1.02207e+06 1.32694e+06 431326 59 24 19 93 17 26 76 44 45 46 38 6 32 73 72 74 69 70 71 42 98 53 20 85 54 83 92 65 95 40 78 88 82 43 81 15 9 49 63 80 67 27 5 21 31 90 57 41 56 79 89 4 18 91 55 23 51 84 3 39 16 64 1 68 62 35 34 7 13 77 10 47 36 8 33 87 2 25 97 75 22 50 29 61 14 28 94 30 66 96 0 58 48 86 60 12 52 37 11 99
1.28586e+06 1.23569e+06 682200 65 22 73 28 87 10 74 30 8 78 93 51 69 24 41 38 27 31 86 36 97 6 59 3 57 64 71 72 94 95 14 21 83 5 92 16 55 88 75 56 26 1 40 44 19 85 54 15 63 50 39 79 4 34 12 45 42 62 90 61 29 9 47 33 60 77 76 80 11 52 89 20 91 35 2 82 49 25 81 46 0 66 84 48 18 53 37 23 68 58 43 67 96 70 32 98 99 13 17 7
1.3109e+06 1.29955e+06 457002 59 24 19 93 17 26 4 33 45 42 38 6 32 84 72 44 39 70 71 96 98 53 20 85 54 43 92 65 7 23 78 88 29 95 47 15 9 25 63 83 67 57 27 21 31 90 46 41 56 79 1 60 18 91 69 51 80 73 3 37 16 76 81 68 62 35 34 40 55 77 10 94 64 13 74 87 2 82 8 75 5 50 22 61 14 28 89 30 66 36 0 58 48 97 49 12 52 86 11 99
1.27288e+06 1.30066e+06 455250 59 24 19 93 17 26 4 33 45 42 38 6 32 84 72 44 39 70 71 40 98 53 20 85 54 43 92 65 7 23 78 88 29 95 47 15 9 25 63 83 67 57 27 21 31 90 46 41 56 79 1 60 18 91 69 51 80 73 3 37 16 76 81 68 62 35 34 96 55 77 10 94 64 13 74 87 2 82 8 75 5 50 22 61 14 28 89 30 66 36 0 58 48 97 49 12 52 86 11 99
